1.000000 -31.338844
1.100000 -31.437720
1.200000 -31.518618
1.300000 -31.340450
1.400000 -31.189692
1.500000 -30.812200
1.600000 -30.485040
1.700000 -30.198775
1.800000 -29.757435
1.900000 -29.365133
2.000000 -28.874884
2.100000 -28.433660
2.200000 -28.034457
2.300000 -27.576482
2.400000 -27.158330
2.500000 -26.705875
2.600000 -26.289616
2.700000 -25.905377
2.800000 -25.499393
2.900000 -25.122407
3.000000 -24.731834
3.100000 -24.367300
3.200000 -24.026284
3.300000 -23.675237
3.400000 -23.345467
3.500000 -23.008688
3.600000 -22.691154
3.700000 -22.391261
3.800000 -22.085503
3.900000 -21.795837
4.000000 -21.501774
4.100000 -21.222415
4.200000 -20.956683
4.300000 -20.687062
4.400000 -20.429981
4.500000 -20.169923
4.600000 -19.921422
4.700000 -19.683726
4.800000 -19.683726
4.900000 -19.443370
5.000000 -19.213029
5.100000 -18.980682
5.200000 -18.757628
5.300000 -18.543322
5.400000 -18.327250
5.500000 -18.119332
5.600000 -17.910148
5.700000 -17.708571
5.800000 -17.514193
5.900000 -17.318730
6.000000 -17.130007
6.100000 -16.940583
6.200000 -16.757473
6.300000 -16.580367
6.400000 -16.402700
6.500000 -16.230673
6.600000 -16.058375
6.700000 -12.805146
6.800000 -12.350762
6.900000 -12.198897
7.000000 -12.122889
7.100000 -11.895824
7.200000 -11.891821
7.300000 -11.621603
7.400000 -11.485292
7.500000 -11.156729
7.600000 -11.085432
7.700000 -10.871720
7.800000 -10.731099
7.900000 -10.641144
8.000000 -10.473745
8.100000 -10.346999
8.200000 -10.224383
8.300000 -10.068328
8.400000 -9.958510
8.500000 -9.791226
8.600000 -9.669393
8.700000 -9.541535
8.800000 -9.408936
8.900000 -9.306590
9.000000 -9.169960
9.100000 -9.052809
9.200000 -8.938386
9.300000 -8.815700
9.400000 -8.720995
9.500000 -8.600782
9.600000 -8.499864
9.700000 -8.397469
9.800000 -8.293363
9.900000 -8.207107
10.000000 -8.099397
10.100000 -8.012425
10.200000 -7.920481
10.300000 -7.829918
10.400000 -7.752357
10.500000 -7.661378
10.600000 -7.584180
10.700000 -7.504211
10.800000 -7.424830
10.900000 -7.356201
11.000000 -7.276374
11.100000 -7.207835
11.200000 -7.137367
11.300000 -7.067285
11.400000 -7.005991
11.500000 -6.934265
11.600000 -6.872225
11.700000 -6.808032
11.800000 -6.744473
11.900000 -6.684741
12.000000 -6.617634
12.100000 -6.559137
12.200000 -6.497667
12.300000 -6.436244
12.400000 -6.379194
12.500000 -6.316637
12.600000 -6.260545
12.700000 -6.204417
12.800000 -6.150325
12.900000 -6.099473
13.000000 -6.043883
13.100000 -5.996816
13.200000 -5.947493
13.300000 -5.900606
13.400000 -5.856111
13.500000 -5.810792
13.600000 -5.769896
13.700000 -5.727694
13.800000 -5.687305
13.900000 -5.650081
14.000000 -5.610519
14.100000 -5.574608
14.200000 -5.537853
14.300000 -5.502710
14.400000 -5.469404
14.500000 -5.434079
14.600000 -5.401906
14.700000 -5.368209
14.800000 -5.335577
14.900000 -5.304575
15.000000 -5.271889
15.100000 -5.241768
15.200000 -5.211068
15.300000 -5.179551
15.400000 -5.149177
15.500000 -5.117464
15.600000 -5.087711
15.700000 -5.054176
15.800000 -5.021112
15.900000 -4.989249
16.000000 -4.956457
16.100000 -4.920639
16.200000 -4.884993
16.300000 -4.849396
16.400000 -4.815116
16.500000 -4.776000
16.600000 -4.738566
16.700000 -4.701081
16.800000 -4.663951
16.900000 -4.626222
17.000000 -4.587585
17.100000 -4.550539
17.200000 -4.513411
17.300000 -4.476519
17.400000 -4.440730
17.500000 -4.404269
17.600000 -4.369174
17.700000 -4.335393
17.800000 -4.302151
17.900000 -4.269788
18.000000 -4.236828
18.100000 -4.207466
18.200000 -4.177931
18.300000 -4.149004
18.400000 -4.120726
18.500000 -4.092082
18.600000 -4.064399
18.700000 -4.038455
18.800000 -3.988319
18.900000 -3.963111
19.000000 -3.939913
19.100000 -3.916505
19.200000 -3.893702
19.300000 -3.871294
19.400000 -3.849293
19.500000 -3.828036
19.600000 -3.806646
19.700000 -3.785755
19.800000 -3.765386
19.900000 -3.744812
20.000000 -3.724888
20.100000 -3.704871
20.200000 -3.685222
20.300000 -3.665884
20.400000 -3.646378
20.500000 -3.627445
20.600000 -3.608962
20.700000 -3.590882
20.800000 -3.573070
20.900000 -3.555100
21.000000 -3.538416
21.100000 -3.521643
21.200000 -3.505254
21.300000 -3.489088
21.400000 -3.473264
21.500000 -3.457875
21.600000 -3.442431
21.700000 -3.427313
21.800000 -3.413385
21.900000 -3.399348
22.000000 -3.385679
22.100000 -3.371995
22.200000 -3.358576
22.300000 -3.345363
22.400000 -3.332482
22.500000 -3.319920
22.600000 -3.307361
22.700000 -3.295028
22.800000 -3.282892
22.900000 -3.270683
23.000000 -3.258761
23.100000 -3.246843
23.200000 -3.234724
23.300000 -3.222755
23.400000 -3.210730
23.500000 -3.198953
23.600000 -3.186059
23.700000 -3.173328
23.800000 -3.160761
23.900000 -3.148167
24.000000 -3.134480
24.100000 -3.120860
24.200000 -3.107367
24.300000 -3.094055
24.400000 -3.079159
24.500000 -3.064520
24.600000 -3.049926
24.700000 -3.035493
24.800000 -3.019728
24.900000 -3.003961
25.000000 -2.988474
25.100000 -2.973025
25.200000 -2.956823
25.300000 -2.940796
25.400000 -2.924807
25.500000 -2.909071
25.600000 -2.893407
25.700000 -2.877945
25.800000 -2.862002
25.900000 -2.846119
26.000000 -2.830489
26.100000 -2.814930
26.200000 -2.799620
26.300000 -2.784467
26.400000 -2.769376
26.500000 -2.754518
26.600000 -2.739931
26.700000 -2.725534
26.800000 -2.711281
26.900000 -2.697084
27.000000 -2.683617
27.100000 -2.670202
27.200000 -2.656964
27.300000 -2.643847
27.400000 -2.631415
27.500000 -2.619152
27.600000 -2.606943
27.700000 -2.594880
27.800000 -2.583388
27.900000 -2.571940
28.000000 -2.560638
28.100000 -2.549391
28.200000 -2.539063
28.300000 -2.528836
28.400000 -2.518633
28.500000 -2.508569
28.600000 -2.498909
28.700000 -2.489350
28.800000 -2.479879
28.900000 -2.470426
29.000000 -2.461456
29.100000 -2.452509
29.200000 -2.443657
29.300000 -2.434880
29.400000 -2.426124
29.500000 -2.417481
29.600000 -2.409182
29.700000 -2.400973
29.800000 -2.392831
29.900000 -2.384702
30.000000 -2.377179
30.100000 -2.369664
30.200000 -2.362236
30.300000 -2.354862
30.400000 -2.347742
30.500000 -2.340711
30.600000 -2.333692
30.700000 -2.326749
30.800000 -2.320230
30.900000 -2.313723
31.000000 -2.307293
31.100000 -2.300877
31.200000 -2.294532
31.300000 -2.288234
31.400000 -2.281948
31.500000 -2.275733
31.600000 -2.269554
31.700000 -2.263435
31.800000 -2.257359
31.900000 -2.251295
32.000000 -2.245422
32.100000 -2.239561
32.200000 -2.233756
32.300000 -2.227991
32.400000 -2.221695
32.500000 -2.215466
32.600000 -2.209247
32.700000 -2.203086
32.800000 -2.196789
32.900000 -2.190503
33.000000 -2.184283
33.100000 -2.178073
33.200000 -2.171919
33.300000 -2.165808
33.400000 -2.159235
33.500000 -2.152731
33.600000 -2.146236
33.700000 -2.139802
33.800000 -2.132874
33.900000 -2.125964
34.000000 -2.119126
34.100000 -2.112299
34.200000 -2.105071
34.300000 -2.097889
34.400000 -2.090733
34.500000 -2.083646
34.600000 -2.076164
34.700000 -2.068750
34.800000 -2.061386
34.900000 -2.054055
35.000000 -2.046580
35.100000 -2.039135
35.200000 -2.031755
35.300000 -2.024428
35.400000 -2.016945
35.500000 -2.009532
35.600000 -2.002150
35.700000 -1.994833
35.800000 -1.987555
35.900000 -1.980311
36.000000 -1.973133
36.100000 -1.965986
36.200000 -1.958729
36.300000 -1.951523
36.400000 -1.944354
36.500000 -1.937247
36.600000 -1.930173
36.700000 -1.923160
36.800000 -1.916341
36.900000 -1.909552
37.000000 -1.902821
37.100000 -1.896121
37.200000 -1.889589
37.300000 -1.883103
37.400000 -1.876645
37.500000 -1.870242
37.600000 -1.864336
37.700000 -1.858479
37.800000 -1.852659
37.900000 -1.846860
38.000000 -1.841132
38.100000 -1.835425
38.200000 -1.829762
38.300000 -1.824135
38.400000 -1.818749
38.500000 -1.813406
38.600000 -1.808083
38.700000 -1.802799
38.800000 -1.797640
38.900000 -1.792499
39.000000 -1.787397
39.100000 -1.782314
39.200000 -1.777654
39.300000 -1.773021
39.400000 -1.768401
39.500000 -1.763817
39.600000 -1.759298
39.700000 -1.754809
39.800000 -1.750346
39.900000 -1.745895
40.000000 -1.741709
40.100000 -1.737534
40.200000 -1.733387
40.300000 -1.729263
40.400000 -1.725150
40.500000 -1.721068
40.600000 -1.716860
40.700000 -1.712679
40.800000 -1.708521
40.900000 -1.704375
41.000000 -1.700460
41.100000 -1.696555
41.200000 -1.692676
41.300000 -1.688816
41.400000 -1.684868
41.500000 -1.680947
41.600000 -1.677037
41.700000 -1.673151
41.800000 -1.669276
41.900000 -1.665413
42.000000 -1.661576
42.100000 -1.657749
42.200000 -1.653881
42.300000 -1.650032
42.400000 -1.646196
42.500000 -1.642384
42.600000 -1.638592
42.700000 -1.634823
42.800000 -1.631074
42.900000 -1.627335
43.000000 -1.623548
43.100000 -1.619772
43.200000 -1.616019
43.300000 -1.612285
43.400000 -1.608525
43.500000 -1.604789
43.600000 -1.601064
43.700000 -1.597361
43.800000 -1.593677
43.900000 -1.590004
44.000000 -1.586335
44.100000 -1.582678
44.200000 -1.579041
44.300000 -1.575423
44.400000 -1.571730
44.500000 -1.568061
44.600000 -1.564402
44.700000 -1.560764
44.800000 -1.556998
44.900000 -1.553245
45.000000 -1.549516
45.100000 -1.545799
45.200000 -1.542132
45.300000 -1.538485
45.400000 -1.534849
45.500000 -1.531236
45.600000 -1.527605
45.700000 -1.523996
45.800000 -1.520404
45.900000 -1.516824
46.000000 -1.513241
46.100000 -1.509669
46.200000 -1.506118
46.300000 -1.502584
46.400000 -1.499022
46.500000 -1.495481
46.600000 -1.491953
46.700000 -1.488443
46.800000 -1.484947
46.900000 -1.481462
47.000000 -1.477998
47.100000 -1.474546
47.200000 -1.471171
47.300000 -1.467811
47.400000 -1.464463
47.500000 -1.461135
47.600000 -1.457816
47.700000 -1.454515
47.800000 -1.451050
47.900000 -1.447597
48.000000 -1.444165
48.100000 -1.440743
48.200000 -1.437194
48.300000 -1.433663
48.400000 -1.430145
48.500000 -1.426649
48.600000 -1.423152
48.700000 -1.419676
48.800000 -1.416216
48.900000 -1.412770
49.000000 -1.409317
49.100000 -1.405877
49.200000 -1.402456
49.300000 -1.399052
49.400000 -1.395734
49.500000 -1.392436
49.600000 -1.389148
49.700000 -1.385878
49.800000 -1.382749
49.900000 -1.379632
50.000000 -1.376530
50.100000 -1.373440
50.200000 -1.370345
50.300000 -1.367264
50.400000 -1.364195
50.500000 -1.361142
50.600000 -1.358110
50.700000 -1.355094
50.800000 -1.352092
50.900000 -1.349101
51.000000 -1.346125
51.100000 -1.343159
51.200000 -1.340215
51.300000 -1.337284
51.400000 -1.334364
51.500000 -1.331458
51.600000 -1.328649
51.700000 -1.325854
51.800000 -1.323070
51.900000 -1.320296
52.000000 -1.317551
52.100000 -1.314815
52.200000 -1.312093
52.300000 -1.309382
52.400000 -1.306647
52.500000 -1.303926
52.600000 -1.301213
52.700000 -1.298513
52.800000 -1.295977
52.900000 -1.293447
53.000000 -1.290930
53.100000 -1.288421
53.200000 -1.285920
53.300000 -1.283430
53.400000 -1.280947
53.500000 -1.278475
53.600000 -1.276062
53.700000 -1.273659
53.800000 -1.271266
53.900000 -1.268881
54.000000 -1.266529
54.100000 -1.264186
54.200000 -1.261854
54.300000 -1.259532
54.400000 -1.257251
54.500000 -1.254981
54.600000 -1.252718
54.700000 -1.250467
54.800000 -1.248222
54.900000 -1.245987
55.000000 -1.243812
55.100000 -1.241645
55.200000 -1.239486
55.300000 -1.237335
55.400000 -1.235256
55.500000 -1.233184
55.600000 -1.231118
55.700000 -1.229061
55.800000 -1.227071
55.900000 -1.225088
56.000000 -1.223111
56.100000 -1.221141
56.200000 -1.219171
56.300000 -1.217208
56.400000 -1.215251
56.500000 -1.213301
56.600000 -1.211319
56.700000 -1.209344
56.800000 -1.207376
56.900000 -1.205414
57.000000 -1.203303
57.100000 -1.201200
57.200000 -1.199104
57.300000 -1.197015
57.400000 -1.194898
57.500000 -1.192789
57.600000 -1.190687
57.700000 -1.188593
57.800000 -1.186495
57.900000 -1.184405
58.000000 -1.182322
58.100000 -1.180247
58.200000 -1.178048
58.300000 -1.175856
58.400000 -1.173674
58.500000 -1.171499
58.600000 -1.169333
58.700000 -1.167176
58.800000 -1.165061
58.900000 -1.162954
59.000000 -1.160855
59.100000 -1.158763
59.200000 -1.156543
59.300000 -1.154330
59.400000 -1.152127
59.500000 -1.149931
59.600000 -1.147726
59.700000 -1.145529
59.800000 -1.143341
59.900000 -1.141161
60.000000 -1.138997
60.100000 -1.136841
60.200000 -1.134694
60.300000 -1.132555
60.400000 -1.130402
60.500000 -1.128257
60.600000 -1.126121
60.700000 -1.123992
60.800000 -1.121893
60.900000 -1.119802
61.000000 -1.117718
61.100000 -1.115642
61.200000 -1.113502
61.300000 -1.111369
61.400000 -1.109244
61.500000 -1.107127
61.600000 -1.105082
61.700000 -1.103045
61.800000 -1.101016
61.900000 -1.098993
62.000000 -1.096978
62.100000 -1.094970
62.200000 -1.092952
62.300000 -1.090941
62.400000 -1.088938
62.500000 -1.086941
62.600000 -1.084965
62.700000 -1.082996
62.800000 -1.081035
62.900000 -1.079080
63.000000 -1.077158
63.100000 -1.075242
63.200000 -1.073335
63.300000 -1.071433
63.400000 -1.069552
63.500000 -1.067678
63.600000 -1.065810
63.700000 -1.063950
63.800000 -1.062162
63.900000 -1.060381
64.000000 -1.058606
64.100000 -1.056837
64.200000 -1.055231
64.300000 -1.053630
64.400000 -1.052034
64.500000 -1.050443
64.600000 -1.048881
64.700000 -1.047324
64.800000 -1.045772
64.900000 -1.044224
65.000000 -1.042725
65.100000 -1.041229
65.200000 -1.039739
65.300000 -1.038253
65.400000 -1.036806
65.500000 -1.035363
65.600000 -1.033924
65.700000 -1.032489
65.800000 -1.031059
65.900000 -1.029632
66.000000 -1.028197
66.100000 -1.026765
66.200000 -1.025338
66.300000 -1.023915
66.400000 -1.022521
66.500000 -1.021132
66.600000 -1.019747
66.700000 -1.018365
66.800000 -1.016927
66.900000 -1.015493
67.000000 -1.014062
67.100000 -1.012637
67.200000 -1.011161
67.300000 -1.009689
67.400000 -1.008223
67.500000 -1.006760
67.600000 -1.005266
67.700000 -1.003776
67.800000 -1.002291
67.900000 -1.000810
68.000000 -0.999315
68.100000 -0.997824
68.200000 -0.996338
68.300000 -0.994856
68.400000 -0.993320
68.500000 -0.991789
68.600000 -0.990263
68.700000 -0.988741
68.800000 -0.987191
68.900000 -0.985645
69.000000 -0.984105
69.100000 -0.982569
69.200000 -0.981038
69.300000 -0.979513
69.400000 -0.977881
69.500000 -0.976255
69.600000 -0.974634
69.700000 -0.973019
69.800000 -0.971439
69.900000 -0.969865
70.000000 -0.968296
70.100000 -0.966732
70.200000 -0.965130
70.300000 -0.963533
70.400000 -0.961941
70.500000 -0.960355
70.600000 -0.958776
70.700000 -0.957202
70.800000 -0.955634
70.900000 -0.954071
71.000000 -0.952478
71.100000 -0.950891
71.200000 -0.949309
71.300000 -0.947732
71.400000 -0.946220
71.500000 -0.944712
71.600000 -0.943210
71.700000 -0.941712
71.800000 -0.940282
71.900000 -0.938856
72.000000 -0.937434
72.100000 -0.936017
72.200000 -0.934617
72.300000 -0.933221
72.400000 -0.931829
72.500000 -0.930441
72.600000 -0.929097
72.700000 -0.927756
72.800000 -0.926420
72.900000 -0.925087
73.000000 -0.923758
73.100000 -0.922433
73.200000 -0.921095
73.300000 -0.919761
73.400000 -0.918431
73.500000 -0.917105
73.600000 -0.915771
73.700000 -0.914441
73.800000 -0.913115
73.900000 -0.911793
74.000000 -0.910512
74.100000 -0.909235
74.200000 -0.907962
74.300000 -0.906692
74.400000 -0.905478
74.500000 -0.904267
74.600000 -0.903059
74.700000 -0.901855
74.800000 -0.900672
74.900000 -0.899493
75.000000 -0.898316
75.100000 -0.897143
75.200000 -0.896026
75.300000 -0.896026
75.400000 -0.894912
75.500000 -0.893800
75.600000 -0.892691
75.700000 -0.891586
75.800000 -0.890484
75.900000 -0.889385
76.000000 -0.888289
76.100000 -0.887219
76.200000 -0.886152
76.300000 -0.885088
76.400000 -0.884027
76.500000 -0.882968
76.600000 -0.881912
76.700000 -0.880893
76.800000 -0.879877
76.900000 -0.878863
77.000000 -0.877851
77.100000 -0.876860
77.200000 -0.875871
77.300000 -0.874884
77.400000 -0.873900
77.500000 -0.872856
77.600000 -0.871815
77.700000 -0.870777
77.800000 -0.869741
77.900000 -0.868705
78.000000 -0.867673
78.100000 -0.866642
78.200000 -0.865615
78.300000 -0.864585
78.400000 -0.863558
78.500000 -0.862534
78.600000 -0.861512
78.700000 -0.860453
78.800000 -0.859396
78.900000 -0.858343
79.000000 -0.857292
79.100000 -0.856203
79.200000 -0.855116
79.300000 -0.854032
79.400000 -0.852952
79.500000 -0.851864
79.600000 -0.850779
79.700000 -0.849698
79.800000 -0.848619
79.900000 -0.847511
80.000000 -0.846407
80.100000 -0.845305
80.200000 -0.844207
80.300000 -0.843111
80.400000 -0.842018
80.500000 -0.840953
80.600000 -0.839891
80.700000 -0.838831
80.800000 -0.837774
80.900000 -0.836694
81.000000 -0.835617
81.100000 -0.834543
81.200000 -0.833471
81.300000 -0.832375
81.400000 -0.831282
81.500000 -0.830191
81.600000 -0.829104
81.700000 -0.827987
81.800000 -0.826872
81.900000 -0.825761
82.000000 -0.824653
82.100000 -0.823528
82.200000 -0.822406
82.300000 -0.821287
82.400000 -0.820171
82.500000 -0.819022
82.600000 -0.817877
82.700000 -0.816735
82.800000 -0.815596
82.900000 -0.814480
83.000000 -0.813366
83.100000 -0.812255
83.200000 -0.811148
83.300000 -0.810071
83.400000 -0.808998
83.500000 -0.807927
83.600000 -0.806860
83.700000 -0.805793
83.800000 -0.804730
83.900000 -0.803669
84.000000 -0.802612
84.100000 -0.801557
84.200000 -0.800505
84.300000 -0.799474
84.400000 -0.798446
84.500000 -0.797421
84.600000 -0.796398
84.700000 -0.795358
84.800000 -0.794320
84.900000 -0.793285
85.000000 -0.792253
85.100000 -0.791238
85.200000 -0.790226
85.300000 -0.789217
85.400000 -0.788211
85.500000 -0.787240
85.600000 -0.786271
85.700000 -0.785305
85.800000 -0.784342
85.900000 -0.783409
86.000000 -0.782478
86.100000 -0.781550
86.200000 -0.780623
86.300000 -0.779749
86.400000 -0.778877
86.500000 -0.778007
86.600000 -0.777139
86.700000 -0.776306
86.800000 -0.775474
86.900000 -0.774644
87.000000 -0.773817
87.100000 -0.773003
87.200000 -0.772192
87.300000 -0.771382
87.400000 -0.770574
87.500000 -0.769767
87.600000 -0.768963
87.700000 -0.768156
87.800000 -0.767352
87.900000 -0.766549
88.000000 -0.765747
88.100000 -0.764926
88.200000 -0.764107
88.300000 -0.763289
88.400000 -0.762474
88.500000 -0.761638
88.600000 -0.760804
88.700000 -0.759971
88.800000 -0.759141
88.900000 -0.758305
89.000000 -0.757471
89.100000 -0.756639
89.200000 -0.755809
89.300000 -0.754997
89.400000 -0.754187
89.500000 -0.753379
89.600000 -0.752573
89.700000 -0.751749
89.800000 -0.750928
89.900000 -0.750108
90.000000 -0.749290
90.100000 -0.748480
90.200000 -0.747671
90.300000 -0.746864
90.400000 -0.746060
90.500000 -0.745247
90.600000 -0.744436
90.700000 -0.743627
90.800000 -0.742820
90.900000 -0.742050
91.000000 -0.741281
91.100000 -0.740514
91.200000 -0.739748
91.300000 -0.738984
91.400000 -0.738222
91.500000 -0.737431
91.600000 -0.736641
91.700000 -0.735854
91.800000 -0.735068
91.900000 -0.734310
92.000000 -0.733553
92.100000 -0.732798
92.200000 -0.732045
92.300000 -0.731170
92.400000 -0.730298
92.500000 -0.729428
92.600000 -0.728561
92.700000 -0.727695
92.800000 -0.726831
92.900000 -0.725970
93.000000 -0.725110
93.100000 -0.724253
93.200000 -0.723398
93.300000 -0.722545
93.400000 -0.721694
93.500000 -0.720845
93.600000 -0.719998
93.700000 -0.719153
93.800000 -0.718310
93.900000 -0.717469
94.000000 -0.716630
94.100000 -0.715793
94.200000 -0.714958
94.300000 -0.714125
94.400000 -0.713294
94.500000 -0.712465
94.600000 -0.711638
94.700000 -0.710813
94.800000 -0.709990
94.900000 -0.709169
95.000000 -0.708349
95.100000 -0.707532
95.200000 -0.706717
95.300000 -0.705903
95.400000 -0.705092
95.500000 -0.704282
95.600000 -0.703474
95.700000 -0.702669
95.800000 -0.701865
95.900000 -0.701063
96.000000 -0.700263
96.100000 -0.699464
96.200000 -0.698668
96.300000 -0.697873
96.400000 -0.697081
96.500000 -0.696290
96.600000 -0.695501
96.700000 -0.694714
96.800000 -0.693929
96.900000 -0.693145
97.000000 -0.692364
97.100000 -0.691584
97.200000 -0.690806
97.300000 -0.690030
97.400000 -0.689255
97.500000 -0.688483
97.600000 -0.687712
97.700000 -0.686943
97.800000 -0.686176
97.900000 -0.685411
98.000000 -0.684647
98.100000 -0.683886
98.200000 -0.683125
98.300000 -0.682367
98.400000 -0.681611
98.500000 -0.680856
98.600000 -0.680103
98.700000 -0.679351
98.800000 -0.678602
98.900000 -0.677854
99.000000 -0.677108
99.100000 -0.676363
99.200000 -0.675620
99.300000 -0.674879
99.400000 -0.674140
99.500000 -0.673402
99.600000 -0.672666
99.700000 -0.671932
99.800000 -0.671199
99.900000 -0.670468
100.000000 -0.669739
100.100000 -0.669011
100.200000 -0.668285
100.300000 -0.667560
100.400000 -0.666837
100.500000 -0.666116
100.600000 -0.665397
100.700000 -0.664679
100.800000 -0.663962
100.900000 -0.663248
101.000000 -0.662534
101.100000 -0.661823
101.200000 -0.661113
101.300000 -0.660404
101.400000 -0.659698
101.500000 -0.658992
101.600000 -0.658289
101.700000 -0.657587
101.800000 -0.656886
101.900000 -0.656187
102.000000 -0.655490
102.100000 -0.654794
102.200000 -0.654099
102.300000 -0.653406
102.400000 -0.652715
102.500000 -0.652025
102.600000 -0.651337
102.700000 -0.650650
102.800000 -0.649965
102.900000 -0.649281
103.000000 -0.648599
103.100000 -0.647918
103.200000 -0.647239
103.300000 -0.646561
103.400000 -0.645884
103.500000 -0.645210
103.600000 -0.644536
103.700000 -0.643864
103.800000 -0.643194
103.900000 -0.642525
104.000000 -0.641857
104.100000 -0.641191
104.200000 -0.640526
104.300000 -0.639863
104.400000 -0.639201
104.500000 -0.638541
104.600000 -0.637882
104.700000 -0.637224
104.800000 -0.636568
104.900000 -0.635913
105.000000 -0.635260
105.100000 -0.634608
105.200000 -0.633957
105.300000 -0.633308
105.400000 -0.632660
105.500000 -0.632014
105.600000 -0.631369
105.700000 -0.630725
105.800000 -0.630083
105.900000 -0.629442
106.000000 -0.628802
106.100000 -0.628164
106.200000 -0.627527
106.300000 -0.626892
106.400000 -0.626258
106.500000 -0.625625
106.600000 -0.624993
106.700000 -0.624363
106.800000 -0.623734
106.900000 -0.623106
107.000000 -0.622480
107.100000 -0.621855
107.200000 -0.621232
107.300000 -0.620609
107.400000 -0.619988
107.500000 -0.619369
107.600000 -0.618750
107.700000 -0.618133
107.800000 -0.617517
107.900000 -0.616903
108.000000 -0.616289
108.100000 -0.615677
108.200000 -0.615066
108.300000 -0.614457
108.400000 -0.613849
108.500000 -0.613242
108.600000 -0.612636
108.700000 -0.612031
108.800000 -0.611428
108.900000 -0.610826
109.000000 -0.610225
109.100000 -0.609626
109.200000 -0.609027
109.300000 -0.608430
109.400000 -0.607835
109.500000 -0.607240
109.600000 -0.606646
109.700000 -0.606054
109.800000 -0.605463
109.900000 -0.604873
110.000000 -0.604285
110.100000 -0.603697
110.200000 -0.603111
110.300000 -0.602526
110.400000 -0.601942
110.500000 -0.601359
110.600000 -0.600778
110.700000 -0.600198
110.800000 -0.599618
110.900000 -0.599040
111.000000 -0.598464
111.100000 -0.597888
111.200000 -0.597313
111.300000 -0.596740
111.400000 -0.596168
111.500000 -0.595597
111.600000 -0.595027
111.700000 -0.594458
111.800000 -0.593890
111.900000 -0.593324
112.000000 -0.592758
112.100000 -0.592194
112.200000 -0.591631
112.300000 -0.591069
112.400000 -0.590508
112.500000 -0.589948
112.600000 -0.589389
112.700000 -0.588832
112.800000 -0.588275
112.900000 -0.587720
113.000000 -0.587166
113.100000 -0.586612
113.200000 -0.586060
113.300000 -0.585509
113.400000 -0.584959
113.500000 -0.584411
113.600000 -0.583863
113.700000 -0.583316
113.800000 -0.582770
113.900000 -0.582226
114.000000 -0.581682
114.100000 -0.581140
114.200000 -0.580598
114.300000 -0.580058
114.400000 -0.579519
114.500000 -0.578980
114.600000 -0.578443
114.700000 -0.577907
114.800000 -0.577372
114.900000 -0.576838
115.000000 -0.576305
115.100000 -0.575773
115.200000 -0.575242
115.300000 -0.574712
115.400000 -0.574183
115.500000 -0.573655
115.600000 -0.573128
115.700000 -0.572602
115.800000 -0.572077
115.900000 -0.571553
116.000000 -0.571030
116.100000 -0.570509
116.200000 -0.569988
116.300000 -0.569468
116.400000 -0.568949
116.500000 -0.568431
116.600000 -0.567914
116.700000 -0.567398
116.800000 -0.566883
116.900000 -0.566369
117.000000 -0.565856
117.100000 -0.565344
117.200000 -0.564833
117.300000 -0.564323
117.400000 -0.563814
117.500000 -0.563306
117.600000 -0.562798
117.700000 -0.562292
117.800000 -0.561787
117.900000 -0.561282
118.000000 -0.560779
118.100000 -0.560277
118.200000 -0.559775
118.300000 -0.559274
118.400000 -0.558775
118.500000 -0.558276
118.600000 -0.557778
118.700000 -0.557282
118.800000 -0.556786
118.900000 -0.556291
119.000000 -0.555797
119.100000 -0.555303
119.200000 -0.554811
119.300000 -0.554320
119.400000 -0.553829
119.500000 -0.553340
119.600000 -0.552851
119.700000 -0.552364
119.800000 -0.551877
119.900000 -0.551391
120.000000 -0.550906
120.100000 -0.550422
120.200000 -0.549939
120.300000 -0.549456
120.400000 -0.548975
120.500000 -0.548494
120.600000 -0.548015
120.700000 -0.547536
120.800000 -0.547058
120.900000 -0.546581
121.000000 -0.546105
121.100000 -0.545629
121.200000 -0.545155
121.300000 -0.544681
121.400000 -0.544209
121.500000 -0.543737
121.600000 -0.543266
121.700000 -0.542796
121.800000 -0.542326
121.900000 -0.541858
122.000000 -0.541390
122.100000 -0.540924
122.200000 -0.540458
122.300000 -0.539993
122.400000 -0.539529
122.500000 -0.539065
122.600000 -0.538603
122.700000 -0.538141
122.800000 -0.537680
122.900000 -0.537220
123.000000 -0.536761
123.100000 -0.536302
123.200000 -0.535845
123.300000 -0.535388
123.400000 -0.534932
123.500000 -0.534477
123.600000 -0.534023
123.700000 -0.533569
123.800000 -0.533117
123.900000 -0.532665
124.000000 -0.532214
124.100000 -0.531763
124.200000 -0.531314
124.300000 -0.530865
124.400000 -0.530417
124.500000 -0.529970
124.600000 -0.529524
124.700000 -0.529078
124.800000 -0.528634
124.900000 -0.528190
125.000000 -0.527747
125.100000 -0.527304
125.200000 -0.526863
125.300000 -0.526422
125.400000 -0.525982
125.500000 -0.525542
125.600000 -0.525104
125.700000 -0.524666
125.800000 -0.524229
125.900000 -0.523793
126.000000 -0.523358
126.100000 -0.522923
126.200000 -0.522489
126.300000 -0.522056
126.400000 -0.521623
126.500000 -0.521192
126.600000 -0.520761
126.700000 -0.520331
126.800000 -0.519901
126.900000 -0.519473
127.000000 -0.519045
127.100000 -0.518617
127.200000 -0.518191
127.300000 -0.517765
127.400000 -0.517340
127.500000 -0.516916
127.600000 -0.516493
127.700000 -0.516070
127.800000 -0.515648
127.900000 -0.515226
128.000000 -0.514806
128.100000 -0.514386
128.200000 -0.513967
128.300000 -0.513548
128.400000 -0.513131
128.500000 -0.512714
128.600000 -0.512297
128.700000 -0.511882
128.800000 -0.511467
128.900000 -0.511053
129.000000 -0.510639
129.100000 -0.510226
129.200000 -0.509814
129.300000 -0.509403
129.400000 -0.508992
129.500000 -0.508582
129.600000 -0.508173
129.700000 -0.507765
129.800000 -0.507357
129.900000 -0.506949
130.000000 -0.506543
130.100000 -0.506137
130.200000 -0.505732
130.300000 -0.505328
130.400000 -0.504924
130.500000 -0.504521
130.600000 -0.504118
130.700000 -0.503717
130.800000 -0.503315
130.900000 -0.502915
131.000000 -0.502515
131.100000 -0.502116
131.200000 -0.501718
131.300000 -0.501320
131.400000 -0.500923
131.500000 -0.500527
131.600000 -0.500131
131.700000 -0.499736
131.800000 -0.499341
131.900000 -0.498948
132.000000 -0.498555
132.100000 -0.498162
132.200000 -0.497770
132.300000 -0.497379
132.400000 -0.496989
132.500000 -0.496599
132.600000 -0.496210
132.700000 -0.495821
132.800000 -0.495433
132.900000 -0.495046
133.000000 -0.494659
133.100000 -0.494273
133.200000 -0.493888
133.300000 -0.493503
133.400000 -0.493119
133.500000 -0.492735
133.600000 -0.492352
133.700000 -0.491970
133.800000 -0.491589
133.900000 -0.491208
134.000000 -0.490827
134.100000 -0.490448
134.200000 -0.490068
134.300000 -0.489690
134.400000 -0.489312
134.500000 -0.488935
134.600000 -0.488558
134.700000 -0.488182
134.800000 -0.487807
134.900000 -0.487432
135.000000 -0.487058
135.100000 -0.486684
135.200000 -0.486311
135.300000 -0.485939
135.400000 -0.485567
135.500000 -0.485195
135.600000 -0.484825
135.700000 -0.484455
135.800000 -0.484085
135.900000 -0.483717
136.000000 -0.483348
136.100000 -0.482981
136.200000 -0.482614
136.300000 -0.482247
136.400000 -0.481881
136.500000 -0.481516
136.600000 -0.481151
136.700000 -0.480787
136.800000 -0.480424
136.900000 -0.480061
137.000000 -0.479698
137.100000 -0.479337
137.200000 -0.478975
137.300000 -0.478615
137.400000 -0.478255
137.500000 -0.477895
137.600000 -0.477536
137.700000 -0.477178
137.800000 -0.476820
137.900000 -0.476463
138.000000 -0.476106
138.100000 -0.475750
138.200000 -0.475395
138.300000 -0.475040
138.400000 -0.474685
138.500000 -0.474331
138.600000 -0.473978
138.700000 -0.473625
138.800000 -0.473273
138.900000 -0.472921
139.000000 -0.472570
139.100000 -0.472220
139.200000 -0.471870
139.300000 -0.471520
139.400000 -0.471171
139.500000 -0.470823
139.600000 -0.470475
139.700000 -0.470128
139.800000 -0.469781
139.900000 -0.469435
140.000000 -0.469090
140.100000 -0.468744
140.200000 -0.468400
140.300000 -0.468056
140.400000 -0.467712
140.500000 -0.467369
140.600000 -0.467027
140.700000 -0.466685
140.800000 -0.466344
140.900000 -0.466003
141.000000 -0.465663
141.100000 -0.465323
141.200000 -0.464984
141.300000 -0.464645
141.400000 -0.464307
141.500000 -0.463969
141.600000 -0.463632
141.700000 -0.463295
141.800000 -0.462959
141.900000 -0.462623
142.000000 -0.462288
142.100000 -0.461954
142.200000 -0.461619
142.300000 -0.461286
142.400000 -0.460953
142.500000 -0.460620
142.600000 -0.460288
142.700000 -0.459957
142.800000 -0.459626
142.900000 -0.459295
143.000000 -0.458965
143.100000 -0.458636
143.200000 -0.458307
143.300000 -0.457978
143.400000 -0.457650
143.500000 -0.457322
143.600000 -0.456995
143.700000 -0.456669
143.800000 -0.456343
143.900000 -0.456017
144.000000 -0.455692
144.100000 -0.455368
144.200000 -0.455044
144.300000 -0.454720
144.400000 -0.454397
144.500000 -0.454074
144.600000 -0.453752
144.700000 -0.453430
144.800000 -0.453109
144.900000 -0.452789
145.000000 -0.452468
145.100000 -0.452149
145.200000 -0.451829
145.300000 -0.451511
145.400000 -0.451192
145.500000 -0.450875
145.600000 -0.450557
145.700000 -0.450240
145.800000 -0.449924
145.900000 -0.449608
146.000000 -0.449293
146.100000 -0.448978
146.200000 -0.448663
146.300000 -0.448349
146.400000 -0.448035
146.500000 -0.447722
146.600000 -0.447410
146.700000 -0.447097
146.800000 -0.446786
146.900000 -0.446474
147.000000 -0.446164
147.100000 -0.445853
147.200000 -0.445543
147.300000 -0.445234
147.400000 -0.444925
147.500000 -0.444616
147.600000 -0.444308
147.700000 -0.444001
147.800000 -0.443694
147.900000 -0.443387
148.000000 -0.443081
148.100000 -0.442775
148.200000 -0.442469
148.300000 -0.442164
148.400000 -0.441860
148.500000 -0.441556
148.600000 -0.441252
148.700000 -0.440949
148.800000 -0.440646
148.900000 -0.440344
149.000000 -0.440042
149.100000 -0.439741
149.200000 -0.439440
149.300000 -0.439139
149.400000 -0.438839
149.500000 -0.438540
149.600000 -0.438241
149.700000 -0.437942
149.800000 -0.437643
149.900000 -0.437346
150.000000 -0.437048
150.100000 -0.436751
150.200000 -0.436454
150.300000 -0.436158
150.400000 -0.435862
150.500000 -0.435567
150.600000 -0.435272
150.700000 -0.434978
150.800000 -0.434684
150.900000 -0.434390
151.000000 -0.434097
151.100000 -0.433804
151.200000 -0.433512
151.300000 -0.433220
151.400000 -0.432928
151.500000 -0.432637
151.600000 -0.432346
151.700000 -0.432056
151.800000 -0.431766
151.900000 -0.431476
152.000000 -0.431187
152.100000 -0.430899
152.200000 -0.430611
152.300000 -0.430323
152.400000 -0.430035
152.500000 -0.429748
152.600000 -0.429462
152.700000 -0.429175
152.800000 -0.428890
152.900000 -0.428604
153.000000 -0.428319
153.100000 -0.428035
153.200000 -0.427751
153.300000 -0.427467
153.400000 -0.427183
153.500000 -0.426900
153.600000 -0.426618
153.700000 -0.426336
153.800000 -0.426054
153.900000 -0.425772
154.000000 -0.425491
154.100000 -0.425211
154.200000 -0.424931
154.300000 -0.424651
154.400000 -0.424371
154.500000 -0.424092
154.600000 -0.423814
154.700000 -0.423535
154.800000 -0.423258
154.900000 -0.422980
155.000000 -0.422703
155.100000 -0.422426
155.200000 -0.422150
155.300000 -0.421874
155.400000 -0.421598
155.500000 -0.421323
155.600000 -0.421049
155.700000 -0.420774
155.800000 -0.420500
155.900000 -0.420226
156.000000 -0.419953
156.100000 -0.419680
156.200000 -0.419408
156.300000 -0.419136
156.400000 -0.418864
156.500000 -0.418592
156.600000 -0.418321
156.700000 -0.418051
156.800000 -0.417781
156.900000 -0.417511
157.000000 -0.417241
157.100000 -0.416972
157.200000 -0.416703
157.300000 -0.416435
157.400000 -0.416167
157.500000 -0.415899
157.600000 -0.415632
157.700000 -0.415365
157.800000 -0.415098
157.900000 -0.414832
158.000000 -0.414566
158.100000 -0.414301
158.200000 -0.414036
158.300000 -0.413771
158.400000 -0.413506
158.500000 -0.413242
158.600000 -0.412979
158.700000 -0.412715
158.800000 -0.412452
158.900000 -0.412190
159.000000 -0.411928
159.100000 -0.411666
159.200000 -0.411404
159.300000 -0.411143
159.400000 -0.410882
159.500000 -0.410622
159.600000 -0.410362
159.700000 -0.410102
159.800000 -0.409842
159.900000 -0.409583
160.000000 -0.409324
160.100000 -0.409066
160.200000 -0.408808
160.300000 -0.408550
160.400000 -0.408293
160.500000 -0.408036
160.600000 -0.407779
160.700000 -0.407523
160.800000 -0.407267
160.900000 -0.407012
161.000000 -0.406756
161.100000 -0.406501
161.200000 -0.406247
161.300000 -0.405992
161.400000 -0.405739
161.500000 -0.405485
161.600000 -0.405232
161.700000 -0.404979
161.800000 -0.404726
161.900000 -0.404474
162.000000 -0.404222
162.100000 -0.403971
162.200000 -0.403719
162.300000 -0.403468
162.400000 -0.403218
162.500000 -0.402968
162.600000 -0.402718
162.700000 -0.402468
162.800000 -0.402219
162.900000 -0.401970
163.000000 -0.401722
163.100000 -0.401473
163.200000 -0.401225
163.300000 -0.400978
163.400000 -0.400730
163.500000 -0.400484
163.600000 -0.400237
163.700000 -0.399991
163.800000 -0.399745
163.900000 -0.399499
164.000000 -0.399254
164.100000 -0.399009
164.200000 -0.398764
164.300000 -0.398520
164.400000 -0.398276
164.500000 -0.398032
164.600000 -0.397788
164.700000 -0.397545
164.800000 -0.397303
164.900000 -0.397060
165.000000 -0.396818
165.100000 -0.396576
165.200000 -0.396335
165.300000 -0.396094
165.400000 -0.395853
165.500000 -0.395612
165.600000 -0.395372
165.700000 -0.395132
165.800000 -0.394892
165.900000 -0.394653
166.000000 -0.394414
166.100000 -0.394175
166.200000 -0.393937
166.300000 -0.393699
166.400000 -0.393461
166.500000 -0.393224
166.600000 -0.392986
166.700000 -0.392750
166.800000 -0.392513
166.900000 -0.392277
167.000000 -0.392041
167.100000 -0.391805
167.200000 -0.391570
167.300000 -0.391335
167.400000 -0.391100
167.500000 -0.390866
167.600000 -0.390632
167.700000 -0.390398
167.800000 -0.390164
167.900000 -0.389931
168.000000 -0.389698
168.100000 -0.389465
168.200000 -0.389233
168.300000 -0.389001
168.400000 -0.388769
168.500000 -0.388538
168.600000 -0.388307
168.700000 -0.388076
168.800000 -0.387845
168.900000 -0.387615
169.000000 -0.387385
169.100000 -0.387155
169.200000 -0.386926
169.300000 -0.386697
169.400000 -0.386468
169.500000 -0.386239
169.600000 -0.386011
169.700000 -0.385783
169.800000 -0.385556
169.900000 -0.385328
170.000000 -0.385101
170.100000 -0.384874
170.200000 -0.384648
170.300000 -0.384422
170.400000 -0.384196
170.500000 -0.383970
170.600000 -0.383745
170.700000 -0.383520
170.800000 -0.383295
170.900000 -0.383070
171.000000 -0.382846
171.100000 -0.382622
171.200000 -0.382398
171.300000 -0.382175
171.400000 -0.381952
171.500000 -0.381729
171.600000 -0.381506
171.700000 -0.381284
171.800000 -0.381062
171.900000 -0.380840
172.000000 -0.380619
172.100000 -0.380398
172.200000 -0.380177
172.300000 -0.379956
172.400000 -0.379736
172.500000 -0.379516
172.600000 -0.379296
172.700000 -0.379076
172.800000 -0.378857
172.900000 -0.378638
173.000000 -0.378419
173.100000 -0.378201
173.200000 -0.377983
173.300000 -0.377765
173.400000 -0.377547
173.500000 -0.377330
173.600000 -0.377113
173.700000 -0.376896
173.800000 -0.376679
173.900000 -0.376463
174.000000 -0.376247
174.100000 -0.376031
174.200000 -0.375816
174.300000 -0.375601
174.400000 -0.375386
174.500000 -0.375171
174.600000 -0.374956
174.700000 -0.374742
174.800000 -0.374528
174.900000 -0.374315
175.000000 -0.374101
175.100000 -0.373888
175.200000 -0.373675
175.300000 -0.373463
175.400000 -0.373250
175.500000 -0.373038
175.600000 -0.372826
175.700000 -0.372615
175.800000 -0.372403
175.900000 -0.372192
176.000000 -0.371982
176.100000 -0.371771
176.200000 -0.371561
176.300000 -0.371351
176.400000 -0.371141
176.500000 -0.370931
176.600000 -0.370722
176.700000 -0.370513
176.800000 -0.370304
176.900000 -0.370096
177.000000 -0.369887
177.100000 -0.369679
177.200000 -0.369472
177.300000 -0.369264
177.400000 -0.369057
177.500000 -0.368850
177.600000 -0.368643
177.700000 -0.368437
177.800000 -0.368230
177.900000 -0.368024
178.000000 -0.367819
178.100000 -0.367613
178.200000 -0.367408
178.300000 -0.367203
178.400000 -0.366998
178.500000 -0.366793
178.600000 -0.366589
178.700000 -0.366385
178.800000 -0.366181
178.900000 -0.365978
179.000000 -0.365774
179.100000 -0.365571
179.200000 -0.365368
179.300000 -0.365166
179.400000 -0.364964
179.500000 -0.364761
179.600000 -0.364560
179.700000 -0.364358
179.800000 -0.364157
179.900000 -0.363955
180.000000 -0.363754
180.100000 -0.363554
180.200000 -0.363353
180.300000 -0.363153
180.400000 -0.362953
180.500000 -0.362753
180.600000 -0.362554
180.700000 -0.362355
180.800000 -0.362156
180.900000 -0.361957
181.000000 -0.361758
181.100000 -0.361560
181.200000 -0.361362
181.300000 -0.361164
181.400000 -0.360967
181.500000 -0.360769
181.600000 -0.360572
181.700000 -0.360375
181.800000 -0.360178
181.900000 -0.359982
182.000000 -0.359786
182.100000 -0.359590
182.200000 -0.359394
182.300000 -0.359198
182.400000 -0.359003
182.500000 -0.358808
182.600000 -0.358613
182.700000 -0.358419
182.800000 -0.358224
182.900000 -0.358030
183.000000 -0.357836
183.100000 -0.357642
183.200000 -0.357449
183.300000 -0.357256
183.400000 -0.357063
183.500000 -0.356870
183.600000 -0.356677
183.700000 -0.356485
183.800000 -0.356293
183.900000 -0.356101
184.000000 -0.355909
184.100000 -0.355718
184.200000 -0.355526
184.300000 -0.355335
184.400000 -0.355145
184.500000 -0.354954
184.600000 -0.354764
184.700000 -0.354574
184.800000 -0.354384
184.900000 -0.354194
185.000000 -0.354004
185.100000 -0.353815
185.200000 -0.353626
185.300000 -0.353437
185.400000 -0.353249
185.500000 -0.353060
185.600000 -0.352872
185.700000 -0.352684
185.800000 -0.352496
185.900000 -0.352309
186.000000 -0.352121
186.100000 -0.351934
186.200000 -0.351747
186.300000 -0.351561
186.400000 -0.351374
186.500000 -0.351188
186.600000 -0.351002
186.700000 -0.350816
186.800000 -0.350631
186.900000 -0.350445
187.000000 -0.350260
187.100000 -0.350075
187.200000 -0.349890
187.300000 -0.349706
187.400000 -0.349521
187.500000 -0.349337
187.600000 -0.349153
187.700000 -0.348970
187.800000 -0.348786
187.900000 -0.348603
188.000000 -0.348420
188.100000 -0.348237
188.200000 -0.348054
188.300000 -0.347872
188.400000 -0.347689
188.500000 -0.347507
188.600000 -0.347325
188.700000 -0.347144
188.800000 -0.346962
188.900000 -0.346781
189.000000 -0.346600
189.100000 -0.346419
189.200000 -0.346239
189.300000 -0.346058
189.400000 -0.345878
189.500000 -0.345698
189.600000 -0.345518
189.700000 -0.345338
189.800000 -0.345159
189.900000 -0.344980
190.000000 -0.344801
190.100000 -0.344622
190.200000 -0.344443
190.300000 -0.344265
190.400000 -0.344087
190.500000 -0.343909
190.600000 -0.343731
190.700000 -0.343553
190.800000 -0.343376
190.900000 -0.343199
191.000000 -0.343022
191.100000 -0.342845
191.200000 -0.342668
191.300000 -0.342492
191.400000 -0.342316
191.500000 -0.342139
191.600000 -0.341964
191.700000 -0.341788
191.800000 -0.341613
191.900000 -0.341437
192.000000 -0.341262
192.100000 -0.341087
192.200000 -0.340913
192.300000 -0.340738
192.400000 -0.340564
192.500000 -0.340390
192.600000 -0.340216
192.700000 -0.340042
192.800000 -0.339869
192.900000 -0.339695
193.000000 -0.339522
193.100000 -0.339349
193.200000 -0.339176
193.300000 -0.339004
193.400000 -0.338832
193.500000 -0.338659
193.600000 -0.338487
193.700000 -0.338316
193.800000 -0.338144
193.900000 -0.337972
194.000000 -0.337801
194.100000 -0.337630
194.200000 -0.337459
194.300000 -0.337289
194.400000 -0.337118
194.500000 -0.336948
194.600000 -0.336778
194.700000 -0.336608
194.800000 -0.336438
194.900000 -0.336268
195.000000 -0.336099
195.100000 -0.335930
195.200000 -0.335761
195.300000 -0.335592
195.400000 -0.335423
195.500000 -0.335255
195.600000 -0.335087
195.700000 -0.334918
195.800000 -0.334751
195.900000 -0.334583
196.000000 -0.334415
196.100000 -0.334248
196.200000 -0.334081
196.300000 -0.333914
196.400000 -0.333747
196.500000 -0.333580
196.600000 -0.333414
196.700000 -0.333247
196.800000 -0.333081
196.900000 -0.332915
197.000000 -0.332750
197.100000 -0.332584
197.200000 -0.332419
197.300000 -0.332254
197.400000 -0.332088
197.500000 -0.331924
197.600000 -0.331759
197.700000 -0.331594
197.800000 -0.331430
197.900000 -0.331266
198.000000 -0.331102
198.100000 -0.330938
198.200000 -0.330775
198.300000 -0.330611
198.400000 -0.330448
198.500000 -0.330285
198.600000 -0.330122
198.700000 -0.329959
198.800000 -0.329797
198.900000 -0.329634
199.000000 -0.329472
199.100000 -0.329310
199.200000 -0.329148
199.300000 -0.328986
199.400000 -0.328825
199.500000 -0.328663
199.600000 -0.328502
199.700000 -0.328341
199.800000 -0.328180
199.900000 -0.328020
200.000000 -0.327859
200.100000 -0.327699
200.200000 -0.327539
200.300000 -0.327379
200.400000 -0.327219
200.500000 -0.327059
200.600000 -0.326900
200.700000 -0.326740
200.800000 -0.326581
200.900000 -0.326422
201.000000 -0.326263
201.100000 -0.326105
201.200000 -0.325946
201.300000 -0.325788
201.400000 -0.325630
201.500000 -0.325472
201.600000 -0.325314
201.700000 -0.325156
201.800000 -0.324999
201.900000 -0.324841
202.000000 -0.324684
202.100000 -0.324527
202.200000 -0.324370
202.300000 -0.324214
202.400000 -0.324057
202.500000 -0.323901
202.600000 -0.323745
202.700000 -0.323589
202.800000 -0.323433
202.900000 -0.323277
203.000000 -0.323122
203.100000 -0.322966
203.200000 -0.322811
203.300000 -0.322656
203.400000 -0.322501
203.500000 -0.322347
203.600000 -0.322192
203.700000 -0.322038
203.800000 -0.321883
203.900000 -0.321729
204.000000 -0.321575
204.100000 -0.321422
204.200000 -0.321268
204.300000 -0.321115
204.400000 -0.320961
204.500000 -0.320808
204.600000 -0.320655
204.700000 -0.320503
204.800000 -0.320350
204.900000 -0.320197
205.000000 -0.320045
205.100000 -0.319893
205.200000 -0.319741
205.300000 -0.319589
205.400000 -0.319437
205.500000 -0.319286
205.600000 -0.319135
205.700000 -0.318983
205.800000 -0.318832
205.900000 -0.318681
206.000000 -0.318531
206.100000 -0.318380
206.200000 -0.318230
206.300000 -0.318079
206.400000 -0.317929
206.500000 -0.317779
206.600000 -0.317629
206.700000 -0.317480
206.800000 -0.317330
206.900000 -0.317181
207.000000 -0.317032
207.100000 -0.316882
207.200000 -0.316734
207.300000 -0.316585
207.400000 -0.316436
207.500000 -0.316288
207.600000 -0.316139
207.700000 -0.315991
207.800000 -0.315843
207.900000 -0.315695
208.000000 -0.315548
208.100000 -0.315400
208.200000 -0.315253
208.300000 -0.315106
208.400000 -0.314958
208.500000 -0.314812
208.600000 -0.314665
208.700000 -0.314518
208.800000 -0.314372
208.900000 -0.314225
209.000000 -0.314079
209.100000 -0.313933
209.200000 -0.313787
209.300000 -0.313641
209.400000 -0.313496
209.500000 -0.313350
209.600000 -0.313205
209.700000 -0.313060
209.800000 -0.312915
209.900000 -0.312770
210.000000 -0.312625
210.100000 -0.312480
210.200000 -0.312336
210.300000 -0.312192
210.400000 -0.312048
210.500000 -0.311904
210.600000 -0.311760
210.700000 -0.311616
210.800000 -0.311472
210.900000 -0.311329
211.000000 -0.311186
211.100000 -0.311043
211.200000 -0.310900
211.300000 -0.310757
211.400000 -0.310614
211.500000 -0.310471
211.600000 -0.310329
211.700000 -0.310187
211.800000 -0.310045
211.900000 -0.309903
212.000000 -0.309761
212.100000 -0.309619
212.200000 -0.309477
212.300000 -0.309336
212.400000 -0.309195
212.500000 -0.309054
212.600000 -0.308913
212.700000 -0.308772
212.800000 -0.308631
212.900000 -0.308490
213.000000 -0.308350
213.100000 -0.308210
213.200000 -0.308069
213.300000 -0.307929
213.400000 -0.307789
213.500000 -0.307650
213.600000 -0.307510
213.700000 -0.307371
213.800000 -0.307231
213.900000 -0.307092
214.000000 -0.306953
214.100000 -0.306814
214.200000 -0.306675
214.300000 -0.306537
214.400000 -0.306398
214.500000 -0.306260
214.600000 -0.306121
214.700000 -0.305983
214.800000 -0.305845
214.900000 -0.305707
215.000000 -0.305570
215.100000 -0.305432
215.200000 -0.305295
215.300000 -0.305157
215.400000 -0.305020
215.500000 -0.304883
215.600000 -0.304746
215.700000 -0.304610
215.800000 -0.304473
215.900000 -0.304336
216.000000 -0.304200
216.100000 -0.304064
216.200000 -0.303928
216.300000 -0.303792
216.400000 -0.303656
216.500000 -0.303520
216.600000 -0.303385
216.700000 -0.303249
216.800000 -0.303114
216.900000 -0.302979
217.000000 -0.302844
217.100000 -0.302709
217.200000 -0.302574
217.300000 -0.302440
217.400000 -0.302305
217.500000 -0.302171
217.600000 -0.302036
217.700000 -0.301902
217.800000 -0.301768
217.900000 -0.301634
218.000000 -0.301501
218.100000 -0.301367
218.200000 -0.301234
218.300000 -0.301100
218.400000 -0.300967
218.500000 -0.300834
218.600000 -0.300701
218.700000 -0.300568
218.800000 -0.300435
218.900000 -0.300303
219.000000 -0.300170
219.100000 -0.300038
219.200000 -0.299906
219.300000 -0.299774
219.400000 -0.299642
219.500000 -0.299510
219.600000 -0.299378
219.700000 -0.299247
219.800000 -0.299115
219.900000 -0.298984
220.000000 -0.298853
220.100000 -0.298722
220.200000 -0.298591
220.300000 -0.298460
220.400000 -0.298330
220.500000 -0.298199
220.600000 -0.298069
220.700000 -0.297938
220.800000 -0.297808
220.900000 -0.297678
221.000000 -0.297548
221.100000 -0.297418
221.200000 -0.297289
221.300000 -0.297159
221.400000 -0.297030
221.500000 -0.296900
221.600000 -0.296771
221.700000 -0.296642
221.800000 -0.296513
221.900000 -0.296384
222.000000 -0.296256
222.100000 -0.296127
222.200000 -0.295999
222.300000 -0.295870
222.400000 -0.295742
222.500000 -0.295614
222.600000 -0.295486
222.700000 -0.295358
222.800000 -0.295231
222.900000 -0.295103
223.000000 -0.294975
223.100000 -0.294848
223.200000 -0.294721
223.300000 -0.294594
223.400000 -0.294467
223.500000 -0.294340
223.600000 -0.294213
223.700000 -0.294086
223.800000 -0.293960
223.900000 -0.293834
224.000000 -0.293707
224.100000 -0.293581
224.200000 -0.293455
224.300000 -0.293329
224.400000 -0.293203
224.500000 -0.293078
224.600000 -0.292952
224.700000 -0.292827
224.800000 -0.292701
224.900000 -0.292576
225.000000 -0.292451
225.100000 -0.292326
225.200000 -0.292201
225.300000 -0.292076
225.400000 -0.291952
225.500000 -0.291827
225.600000 -0.291703
225.700000 -0.291579
225.800000 -0.291454
225.900000 -0.291330
226.000000 -0.291206
226.100000 -0.291083
226.200000 -0.290959
226.300000 -0.290835
226.400000 -0.290712
226.500000 -0.290588
226.600000 -0.290465
226.700000 -0.290342
226.800000 -0.290219
226.900000 -0.290096
227.000000 -0.289973
227.100000 -0.289851
227.200000 -0.289728
227.300000 -0.289606
227.400000 -0.289483
227.500000 -0.289361
227.600000 -0.289239
227.700000 -0.289117
227.800000 -0.288995
227.900000 -0.288873
228.000000 -0.288752
228.100000 -0.288630
228.200000 -0.288509
228.300000 -0.288387
228.400000 -0.288266
228.500000 -0.288145
228.600000 -0.288024
228.700000 -0.287903
228.800000 -0.287783
228.900000 -0.287662
229.000000 -0.287541
229.100000 -0.287421
229.200000 -0.287301
229.300000 -0.287180
229.400000 -0.287060
229.500000 -0.286940
229.600000 -0.286820
229.700000 -0.286701
229.800000 -0.286581
229.900000 -0.286461
230.000000 -0.286342
230.100000 -0.286223
230.200000 -0.286104
230.300000 -0.285984
230.400000 -0.285865
230.500000 -0.285747
230.600000 -0.285628
230.700000 -0.285509
230.800000 -0.285390
230.900000 -0.285272
231.000000 -0.285154
231.100000 -0.285035
231.200000 -0.284917
231.300000 -0.284799
231.400000 -0.284681
231.500000 -0.284564
231.600000 -0.284446
231.700000 -0.284328
231.800000 -0.284211
231.900000 -0.284093
232.000000 -0.283976
232.100000 -0.283859
232.200000 -0.283742
232.300000 -0.283625
232.400000 -0.283508
232.500000 -0.283391
232.600000 -0.283275
232.700000 -0.283158
232.800000 -0.283042
232.900000 -0.282925
233.000000 -0.282809
233.100000 -0.282693
233.200000 -0.282577
233.300000 -0.282461
233.400000 -0.282345
233.500000 -0.282230
233.600000 -0.282114
233.700000 -0.281999
233.800000 -0.281883
233.900000 -0.281768
234.000000 -0.281653
234.100000 -0.281538
234.200000 -0.281423
234.300000 -0.281308
234.400000 -0.281193
234.500000 -0.281078
234.600000 -0.280964
234.700000 -0.280849
234.800000 -0.280735
234.900000 -0.280621
235.000000 -0.280507
235.100000 -0.280393
235.200000 -0.280279
235.300000 -0.280165
235.400000 -0.280051
235.500000 -0.279937
235.600000 -0.279824
235.700000 -0.279710
235.800000 -0.279597
235.900000 -0.279484
236.000000 -0.279371
236.100000 -0.279258
236.200000 -0.279145
236.300000 -0.279032
236.400000 -0.278919
236.500000 -0.278807
236.600000 -0.278694
236.700000 -0.278582
236.800000 -0.278469
236.900000 -0.278357
237.000000 -0.278245
237.100000 -0.278133
237.200000 -0.278021
237.300000 -0.277909
237.400000 -0.277797
237.500000 -0.277686
237.600000 -0.277574
237.700000 -0.277463
237.800000 -0.277351
237.900000 -0.277240
238.000000 -0.277129
238.100000 -0.277018
238.200000 -0.276907
238.300000 -0.276796
238.400000 -0.276685
238.500000 -0.276575
238.600000 -0.276464
238.700000 -0.276354
238.800000 -0.276243
238.900000 -0.276133
239.000000 -0.276023
239.100000 -0.275913
239.200000 -0.275803
239.300000 -0.275693
239.400000 -0.275583
239.500000 -0.275474
239.600000 -0.275364
239.700000 -0.275254
239.800000 -0.275145
239.900000 -0.275036
240.000000 -0.274927
240.100000 -0.274817
240.200000 -0.274708
240.300000 -0.274600
240.400000 -0.274491
240.500000 -0.274382
240.600000 -0.274273
240.700000 -0.274165
240.800000 -0.274056
240.900000 -0.273948
241.000000 -0.273840
241.100000 -0.273732
241.200000 -0.273624
241.300000 -0.273516
241.400000 -0.273408
241.500000 -0.273300
241.600000 -0.273192
241.700000 -0.273085
241.800000 -0.272977
241.900000 -0.272870
242.000000 -0.272762
242.100000 -0.272655
242.200000 -0.272548
242.300000 -0.272441
242.400000 -0.272334
242.500000 -0.272227
242.600000 -0.272120
242.700000 -0.272014
242.800000 -0.271907
242.900000 -0.271801
243.000000 -0.271694
243.100000 -0.271588
243.200000 -0.271482
243.300000 -0.271376
243.400000 -0.271270
243.500000 -0.271164
243.600000 -0.271058
243.700000 -0.270952
243.800000 -0.270846
243.900000 -0.270741
244.000000 -0.270635
244.100000 -0.270530
244.200000 -0.270425
244.300000 -0.270320
244.400000 -0.270214
244.500000 -0.270109
244.600000 -0.270004
244.700000 -0.269900
244.800000 -0.269795
244.900000 -0.269690
245.000000 -0.269586
245.100000 -0.269481
245.200000 -0.269377
245.300000 -0.269272
245.400000 -0.269168
245.500000 -0.269064
245.600000 -0.268960
245.700000 -0.268856
245.800000 -0.268752
245.900000 -0.268648
246.000000 -0.268545
246.100000 -0.268441
246.200000 -0.268338
246.300000 -0.268234
246.400000 -0.268131
246.500000 -0.268028
246.600000 -0.267925
246.700000 -0.267821
246.800000 -0.267718
246.900000 -0.267616
247.000000 -0.267513
247.100000 -0.267410
247.200000 -0.267307
247.300000 -0.267205
247.400000 -0.267102
247.500000 -0.267000
247.600000 -0.266898
247.700000 -0.266796
247.800000 -0.266693
247.900000 -0.266591
248.000000 -0.266490
248.100000 -0.266388
248.200000 -0.266286
248.300000 -0.266184
248.400000 -0.266083
248.500000 -0.265981
248.600000 -0.265880
248.700000 -0.265778
248.800000 -0.265677
248.900000 -0.265576
249.000000 -0.265475
249.100000 -0.265374
249.200000 -0.265273
249.300000 -0.265172
249.400000 -0.265071
249.500000 -0.264971
249.600000 -0.264870
249.700000 -0.264770
249.800000 -0.264669
249.900000 -0.264569
250.000000 -0.264469
250.100000 -0.264369
250.200000 -0.264269
250.300000 -0.264169
250.400000 -0.264069
250.500000 -0.263969
250.600000 -0.263869
250.700000 -0.263769
250.800000 -0.263670
250.900000 -0.263570
251.000000 -0.263471
251.100000 -0.263372
251.200000 -0.263272
251.300000 -0.263173
251.400000 -0.263074
251.500000 -0.262975
251.600000 -0.262876
251.700000 -0.262778
251.800000 -0.262679
251.900000 -0.262580
252.000000 -0.262482
252.100000 -0.262383
252.200000 -0.262285
252.300000 -0.262186
252.400000 -0.262088
252.500000 -0.261990
252.600000 -0.261892
252.700000 -0.261794
252.800000 -0.261696
252.900000 -0.261598
253.000000 -0.261500
253.100000 -0.261403
253.200000 -0.261305
253.300000 -0.261208
253.400000 -0.261110
253.500000 -0.261013
253.600000 -0.260915
253.700000 -0.260818
253.800000 -0.260721
253.900000 -0.260624
254.000000 -0.260527
254.100000 -0.260430
254.200000 -0.260334
254.300000 -0.260237
254.400000 -0.260140
254.500000 -0.260044
254.600000 -0.259947
254.700000 -0.259851
254.800000 -0.259754
254.900000 -0.259658
255.000000 -0.259562
255.100000 -0.259466
255.200000 -0.259370
255.300000 -0.259274
255.400000 -0.259178
255.500000 -0.259082
255.600000 -0.258987
255.700000 -0.258891
255.800000 -0.258796
255.900000 -0.258700
256.000000 -0.258605
256.100000 -0.258509
256.200000 -0.258414
256.300000 -0.258319
256.400000 -0.258224
256.500000 -0.258129
256.600000 -0.258034
256.700000 -0.257939
256.800000 -0.257845
256.900000 -0.257750
257.000000 -0.257655
257.100000 -0.257561
257.200000 -0.257466
257.300000 -0.257372
257.400000 -0.257278
257.500000 -0.257184
257.600000 -0.257089
257.700000 -0.256995
257.800000 -0.256901
257.900000 -0.256807
258.000000 -0.256714
258.100000 -0.256620
258.200000 -0.256526
258.300000 -0.256433
258.400000 -0.256339
258.500000 -0.256246
258.600000 -0.256152
258.700000 -0.256059
258.800000 -0.255966
258.900000 -0.255873
259.000000 -0.255779
259.100000 -0.255686
259.200000 -0.255594
259.300000 -0.255501
259.400000 -0.255408
259.500000 -0.255315
259.600000 -0.255223
259.700000 -0.255130
259.800000 -0.255038
259.900000 -0.254945
260.000000 -0.254853
260.100000 -0.254761
260.200000 -0.254668
260.300000 -0.254576
260.400000 -0.254484
260.500000 -0.254392
260.600000 -0.254300
260.700000 -0.254209
260.800000 -0.254117
260.900000 -0.254025
261.000000 -0.253934
261.100000 -0.253842
261.200000 -0.253751
261.300000 -0.253659
261.400000 -0.253568
261.500000 -0.253477
261.600000 -0.253386
261.700000 -0.253295
261.800000 -0.253204
261.900000 -0.253113
262.000000 -0.253022
262.100000 -0.252931
262.200000 -0.252840
262.300000 -0.252750
262.400000 -0.252659
262.500000 -0.252569
262.600000 -0.252478
262.700000 -0.252388
262.800000 -0.252298
262.900000 -0.252207
263.000000 -0.252117
263.100000 -0.252027
263.200000 -0.251937
263.300000 -0.251847
263.400000 -0.251757
263.500000 -0.251668
263.600000 -0.251578
263.700000 -0.251488
263.800000 -0.251399
263.900000 -0.251309
264.000000 -0.251220
264.100000 -0.251130
264.200000 -0.251041
264.300000 -0.250952
264.400000 -0.250863
264.500000 -0.250774
264.600000 -0.250685
264.700000 -0.250596
264.800000 -0.250507
264.900000 -0.250418
265.000000 -0.250330
265.100000 -0.250241
265.200000 -0.250152
265.300000 -0.250064
265.400000 -0.249975
265.500000 -0.249887
265.600000 -0.249799
265.700000 -0.249710
265.800000 -0.249622
265.900000 -0.249534
266.000000 -0.249446
266.100000 -0.249358
266.200000 -0.249270
266.300000 -0.249183
266.400000 -0.249095
266.500000 -0.249007
266.600000 -0.248920
266.700000 -0.248832
266.800000 -0.248745
266.900000 -0.248657
267.000000 -0.248570
267.100000 -0.248483
267.200000 -0.248395
267.300000 -0.248308
267.400000 -0.248221
267.500000 -0.248134
267.600000 -0.248047
267.700000 -0.247960
267.800000 -0.247874
267.900000 -0.247787
268.000000 -0.247700
268.100000 -0.247614
268.200000 -0.247527
268.300000 -0.247441
268.400000 -0.247354
268.500000 -0.247268
268.600000 -0.247182
268.700000 -0.247096
268.800000 -0.247009
268.900000 -0.246923
269.000000 -0.246837
269.100000 -0.246751
269.200000 -0.246666
269.300000 -0.246580
269.400000 -0.246494
269.500000 -0.246408
269.600000 -0.246323
269.700000 -0.246237
269.800000 -0.246152
269.900000 -0.246067
270.000000 -0.245981
270.100000 -0.245896
270.200000 -0.245811
270.300000 -0.245726
270.400000 -0.245641
270.500000 -0.245556
270.600000 -0.245471
270.700000 -0.245386
270.800000 -0.245301
270.900000 -0.245216
271.000000 -0.245132
271.100000 -0.245047
271.200000 -0.244963
271.300000 -0.244878
271.400000 -0.244794
271.500000 -0.244709
271.600000 -0.244625
271.700000 -0.244541
271.800000 -0.244457
271.900000 -0.244373
272.000000 -0.244289
272.100000 -0.244205
272.200000 -0.244121
272.300000 -0.244037
272.400000 -0.243953
272.500000 -0.243870
272.600000 -0.243786
272.700000 -0.243702
272.800000 -0.243619
272.900000 -0.243535
273.000000 -0.243452
273.100000 -0.243369
273.200000 -0.243286
273.300000 -0.243202
273.400000 -0.243119
273.500000 -0.243036
273.600000 -0.242953
273.700000 -0.242870
273.800000 -0.242787
273.900000 -0.242705
274.000000 -0.242622
274.100000 -0.242539
274.200000 -0.242457
274.300000 -0.242374
274.400000 -0.242292
274.500000 -0.242209
274.600000 -0.242127
274.700000 -0.242045
274.800000 -0.241962
274.900000 -0.241880
275.000000 -0.241798
275.100000 -0.241716
275.200000 -0.241634
275.300000 -0.241552
275.400000 -0.241470
275.500000 -0.241388
275.600000 -0.241307
275.700000 -0.241225
275.800000 -0.241143
275.900000 -0.241062
276.000000 -0.240980
276.100000 -0.240899
276.200000 -0.240818
276.300000 -0.240736
276.400000 -0.240655
276.500000 -0.240574
276.600000 -0.240493
276.700000 -0.240412
276.800000 -0.240331
276.900000 -0.240250
277.000000 -0.240169
277.100000 -0.240088
277.200000 -0.240007
277.300000 -0.239927
277.400000 -0.239846
277.500000 -0.239765
277.600000 -0.239685
277.700000 -0.239604
277.800000 -0.239524
277.900000 -0.239444
278.000000 -0.239363
278.100000 -0.239283
278.200000 -0.239203
278.300000 -0.239123
278.400000 -0.239043
278.500000 -0.238963
278.600000 -0.238883
278.700000 -0.238803
278.800000 -0.238723
278.900000 -0.238644
279.000000 -0.238564
279.100000 -0.238484
279.200000 -0.238405
279.300000 -0.238325
279.400000 -0.238246
279.500000 -0.238167
279.600000 -0.238087
279.700000 -0.238008
279.800000 -0.237929
279.900000 -0.237850
280.000000 -0.237771
280.100000 -0.237692
280.200000 -0.237613
280.300000 -0.237534
280.400000 -0.237455
280.500000 -0.237376
280.600000 -0.237297
280.700000 -0.237219
280.800000 -0.237140
280.900000 -0.237062
281.000000 -0.236983
281.100000 -0.236905
281.200000 -0.236826
281.300000 -0.236748
281.400000 -0.236670
281.500000 -0.236592
281.600000 -0.236513
281.700000 -0.236435
281.800000 -0.236357
281.900000 -0.236279
282.000000 -0.236201
282.100000 -0.236124
282.200000 -0.236046
282.300000 -0.235968
282.400000 -0.235890
282.500000 -0.235813
282.600000 -0.235735
282.700000 -0.235658
282.800000 -0.235580
282.900000 -0.235503
283.000000 -0.235425
283.100000 -0.235348
283.200000 -0.235271
283.300000 -0.235194
283.400000 -0.235117
283.500000 -0.235040
283.600000 -0.234963
283.700000 -0.234886
283.800000 -0.234809
283.900000 -0.234732
284.000000 -0.234655
284.100000 -0.234578
284.200000 -0.234502
284.300000 -0.234425
284.400000 -0.234349
284.500000 -0.234272
284.600000 -0.234196
284.700000 -0.234119
284.800000 -0.234043
284.900000 -0.233967
285.000000 -0.233891
285.100000 -0.233814
285.200000 -0.233738
285.300000 -0.233662
285.400000 -0.233586
285.500000 -0.233510
285.600000 -0.233434
285.700000 -0.233359
285.800000 -0.233283
285.900000 -0.233207
286.000000 -0.233132
286.100000 -0.233056
286.200000 -0.232980
286.300000 -0.232905
286.400000 -0.232829
286.500000 -0.232754
286.600000 -0.232679
286.700000 -0.232603
286.800000 -0.232528
286.900000 -0.232453
287.000000 -0.232378
287.100000 -0.232303
287.200000 -0.232228
287.300000 -0.232153
287.400000 -0.232078
287.500000 -0.232003
287.600000 -0.231928
287.700000 -0.231854
287.800000 -0.231779
287.900000 -0.231704
288.000000 -0.231630
288.100000 -0.231555
288.200000 -0.231481
288.300000 -0.231407
288.400000 -0.231332
288.500000 -0.231258
288.600000 -0.231184
288.700000 -0.231109
288.800000 -0.231035
288.900000 -0.230961
289.000000 -0.230887
289.100000 -0.230813
289.200000 -0.230739
289.300000 -0.230665
289.400000 -0.230592
289.500000 -0.230518
289.600000 -0.230444
289.700000 -0.230371
289.800000 -0.230297
289.900000 -0.230223
290.000000 -0.230150
290.100000 -0.230076
290.200000 -0.230003
290.300000 -0.229930
290.400000 -0.229856
290.500000 -0.229783
290.600000 -0.229710
290.700000 -0.229637
290.800000 -0.229564
290.900000 -0.229491
291.000000 -0.229418
291.100000 -0.229345
291.200000 -0.229272
291.300000 -0.229199
291.400000 -0.229126
291.500000 -0.229054
291.600000 -0.228981
291.700000 -0.228908
291.800000 -0.228836
291.900000 -0.228763
292.000000 -0.228691
292.100000 -0.228619
292.200000 -0.228546
292.300000 -0.228474
292.400000 -0.228402
292.500000 -0.228329
292.600000 -0.228257
292.700000 -0.228185
292.800000 -0.228113
292.900000 -0.228041
293.000000 -0.227969
293.100000 -0.227897
293.200000 -0.227826
293.300000 -0.227754
293.400000 -0.227682
293.500000 -0.227610
293.600000 -0.227539
293.700000 -0.227467
293.800000 -0.227396
293.900000 -0.227324
294.000000 -0.227253
294.100000 -0.227181
294.200000 -0.227110
294.300000 -0.227039
294.400000 -0.226967
294.500000 -0.226896
294.600000 -0.226825
294.700000 -0.226754
294.800000 -0.226683
294.900000 -0.226612
295.000000 -0.226541
295.100000 -0.226470
295.200000 -0.226399
295.300000 -0.226329
295.400000 -0.226258
295.500000 -0.226187
295.600000 -0.226117
295.700000 -0.226046
295.800000 -0.225976
295.900000 -0.225905
296.000000 -0.225835
296.100000 -0.225764
296.200000 -0.225694
296.300000 -0.225624
296.400000 -0.225553
296.500000 -0.225483
296.600000 -0.225413
296.700000 -0.225343
296.800000 -0.225273
296.900000 -0.225203
297.000000 -0.225133
297.100000 -0.225063
297.200000 -0.224993
297.300000 -0.224924
297.400000 -0.224854
297.500000 -0.224784
297.600000 -0.224714
297.700000 -0.224645
297.800000 -0.224575
297.900000 -0.224506
298.000000 -0.224436
298.100000 -0.224367
298.200000 -0.224298
298.300000 -0.224228
298.400000 -0.224159
298.500000 -0.224090
298.600000 -0.224021
298.700000 -0.223952
298.800000 -0.223883
298.900000 -0.223814
299.000000 -0.223745
299.100000 -0.223676
299.200000 -0.223607
299.300000 -0.223538
299.400000 -0.223469
299.500000 -0.223400
299.600000 -0.223332
299.700000 -0.223263
299.800000 -0.223195
299.900000 -0.223126
300.000000 -0.223058
300.100000 -0.222989
300.200000 -0.222921
300.300000 -0.222852
300.400000 -0.222784
300.500000 -0.222716
300.600000 -0.222648
300.700000 -0.222579
300.800000 -0.222511
300.900000 -0.222443
301.000000 -0.222375
301.100000 -0.222307
301.200000 -0.222239
301.300000 -0.222104
301.400000 -0.222036
301.500000 -0.221968
301.600000 -0.221900
301.700000 -0.221833
301.800000 -0.221765
301.900000 -0.221698
302.000000 -0.221630
302.100000 -0.221563
302.200000 -0.221495
302.300000 -0.221428
302.400000 -0.221361
302.500000 -0.221293
302.600000 -0.221226
302.700000 -0.221159
302.800000 -0.221092
302.900000 -0.221025
303.000000 -0.220958
303.100000 -0.220891
303.200000 -0.220824
303.300000 -0.220757
303.400000 -0.220690
303.500000 -0.220623
303.600000 -0.220556
303.700000 -0.220490
303.800000 -0.220423
303.900000 -0.220356
304.000000 -0.220290
304.100000 -0.220223
304.200000 -0.220157
304.300000 -0.220090
304.400000 -0.220024
304.500000 -0.219958
304.600000 -0.219891
304.700000 -0.219825
304.800000 -0.219759
304.900000 -0.219693
305.000000 -0.219627
305.100000 -0.219560
305.200000 -0.219494
305.300000 -0.219428
305.400000 -0.219363
305.500000 -0.219297
305.600000 -0.219231
305.700000 -0.219165
305.800000 -0.219099
305.900000 -0.219033
306.000000 -0.218968
306.100000 -0.218902
306.200000 -0.218837
306.300000 -0.218771
306.400000 -0.218705
306.500000 -0.218640
306.600000 -0.218575
306.700000 -0.218509
306.800000 -0.218444
306.900000 -0.218379
307.000000 -0.218313
307.100000 -0.218248
307.200000 -0.218183
307.300000 -0.218118
307.400000 -0.218053
307.500000 -0.217988
307.600000 -0.217923
307.700000 -0.217858
307.800000 -0.217793
307.900000 -0.217728
308.000000 -0.217663
308.100000 -0.217599
308.200000 -0.217534
308.300000 -0.217469
308.400000 -0.217405
308.500000 -0.217340
308.600000 -0.217276
308.700000 -0.217211
308.800000 -0.217147
308.900000 -0.217082
309.000000 -0.217018
309.100000 -0.216954
309.200000 -0.216889
309.300000 -0.216825
309.400000 -0.216761
309.500000 -0.216697
309.600000 -0.216633
309.700000 -0.216569
309.800000 -0.216505
309.900000 -0.216441
310.000000 -0.216377
310.100000 -0.216313
310.200000 -0.216249
310.300000 -0.216185
310.400000 -0.216121
310.500000 -0.216058
310.600000 -0.215994
310.700000 -0.215930
310.800000 -0.215867
310.900000 -0.215803
311.000000 -0.215740
311.100000 -0.215676
311.200000 -0.215613
311.300000 -0.215549
311.400000 -0.215486
311.500000 -0.215423
311.600000 -0.215360
311.700000 -0.215296
311.800000 -0.215233
311.900000 -0.215170
312.000000 -0.215107
312.100000 -0.215044
312.200000 -0.214981
312.300000 -0.214918
312.400000 -0.214855
312.500000 -0.214792
312.600000 -0.214729
312.700000 -0.214667
312.800000 -0.214604
312.900000 -0.214541
313.000000 -0.214478
313.100000 -0.214416
313.200000 -0.214353
313.300000 -0.214291
313.400000 -0.214228
313.500000 -0.214166
313.600000 -0.214103
313.700000 -0.214041
313.800000 -0.213979
313.900000 -0.213916
314.000000 -0.213854
314.100000 -0.213792
314.200000 -0.213730
314.300000 -0.213668
314.400000 -0.213605
314.500000 -0.213543
314.600000 -0.213481
314.700000 -0.213419
314.800000 -0.213358
314.900000 -0.213296
315.000000 -0.213234
315.100000 -0.213172
315.200000 -0.213110
315.300000 -0.213049
315.400000 -0.212987
315.500000 -0.212925
315.600000 -0.212864
315.700000 -0.212802
315.800000 -0.212741
315.900000 -0.212679
316.000000 -0.212618
316.100000 -0.212556
316.200000 -0.212495
316.300000 -0.212434
316.400000 -0.212372
316.500000 -0.212311
316.600000 -0.212250
316.700000 -0.212189
316.800000 -0.212128
316.900000 -0.212067
317.000000 -0.212005
317.100000 -0.211945
317.200000 -0.211884
317.300000 -0.211823
317.400000 -0.211762
317.500000 -0.211701
317.600000 -0.211640
317.700000 -0.211579
317.800000 -0.211519
317.900000 -0.211458
318.000000 -0.211397
318.100000 -0.211337
318.200000 -0.211276
318.300000 -0.211216
318.400000 -0.211155
318.500000 -0.211095
318.600000 -0.211034
318.700000 -0.210974
318.800000 -0.210914
318.900000 -0.210853
319.000000 -0.210793
319.100000 -0.210733
319.200000 -0.210673
319.300000 -0.210613
319.400000 -0.210553
319.500000 -0.210493
319.600000 -0.210433
319.700000 -0.210373
319.800000 -0.210313
319.900000 -0.210253
320.000000 -0.210193
320.100000 -0.210133
320.200000 -0.210073
320.300000 -0.210014
320.400000 -0.209954
320.500000 -0.209894
320.600000 -0.209835
320.700000 -0.209775
320.800000 -0.209715
320.900000 -0.209656
321.000000 -0.209596
321.100000 -0.209537
321.200000 -0.209478
321.300000 -0.209418
321.400000 -0.209359
321.500000 -0.209300
321.600000 -0.209240
321.700000 -0.209181
321.800000 -0.209122
321.900000 -0.209063
322.000000 -0.209004
322.100000 -0.208945
322.200000 -0.208886
322.300000 -0.208827
322.400000 -0.208768
322.500000 -0.208709
322.600000 -0.208650
322.700000 -0.208591
322.800000 -0.208533
322.900000 -0.208474
323.000000 -0.208415
323.100000 -0.208356
323.200000 -0.208298
323.300000 -0.208239
323.400000 -0.208181
323.500000 -0.208122
323.600000 -0.208064
323.700000 -0.208005
323.800000 -0.207947
323.900000 -0.207888
324.000000 -0.207830
324.100000 -0.207772
324.200000 -0.207714
324.300000 -0.207655
324.400000 -0.207597
324.500000 -0.207539
324.600000 -0.207481
324.700000 -0.207423
324.800000 -0.207365
324.900000 -0.207307
325.000000 -0.207249
325.100000 -0.207191
325.200000 -0.207133
325.300000 -0.207075
325.400000 -0.207017
325.500000 -0.206960
325.600000 -0.206902
325.700000 -0.206844
325.800000 -0.206787
325.900000 -0.206729
326.000000 -0.206671
326.100000 -0.206614
326.200000 -0.206556
326.300000 -0.206499
326.400000 -0.206441
326.500000 -0.206384
326.600000 -0.206327
326.700000 -0.206269
326.800000 -0.206212
326.900000 -0.206155
327.000000 -0.206097
327.100000 -0.206040
327.200000 -0.205983
327.300000 -0.205926
327.400000 -0.205869
327.500000 -0.205812
327.600000 -0.205755
327.700000 -0.205698
327.800000 -0.205641
327.900000 -0.205584
328.000000 -0.205527
328.100000 -0.205470
328.200000 -0.205414
328.300000 -0.205357
328.400000 -0.205300
328.500000 -0.205243
328.600000 -0.205187
328.700000 -0.205130
328.800000 -0.205074
328.900000 -0.205017
329.000000 -0.204960
329.100000 -0.204904
329.200000 -0.204848
329.300000 -0.204791
329.400000 -0.204735
329.500000 -0.204678
329.600000 -0.204622
329.700000 -0.204566
329.800000 -0.204510
329.900000 -0.204454
330.000000 -0.204397
330.100000 -0.204341
330.200000 -0.204285
330.300000 -0.204229
330.400000 -0.204173
330.500000 -0.204117
330.600000 -0.204061
330.700000 -0.204005
330.800000 -0.203949
330.900000 -0.203894
331.000000 -0.203838
331.100000 -0.203782
331.200000 -0.203726
331.300000 -0.203671
331.400000 -0.203615
331.500000 -0.203559
331.600000 -0.203504
331.700000 -0.203448
331.800000 -0.203393
331.900000 -0.203337
332.000000 -0.203282
332.100000 -0.203226
332.200000 -0.203171
332.300000 -0.203116
332.400000 -0.203060
332.500000 -0.203005
332.600000 -0.202950
332.700000 -0.202894
332.800000 -0.202839
332.900000 -0.202784
333.000000 -0.202729
333.100000 -0.202674
333.200000 -0.202619
333.300000 -0.202564
333.400000 -0.202509
333.500000 -0.202454
333.600000 -0.202399
333.700000 -0.202344
333.800000 -0.202289
333.900000 -0.202235
334.000000 -0.202180
334.100000 -0.202125
334.200000 -0.202070
334.300000 -0.202016
334.400000 -0.201961
334.500000 -0.201906
334.600000 -0.201852
334.700000 -0.201797
334.800000 -0.201743
334.900000 -0.201688
335.000000 -0.201634
335.100000 -0.201580
335.200000 -0.201525
335.300000 -0.201471
335.400000 -0.201417
335.500000 -0.201362
335.600000 -0.201308
335.700000 -0.201254
335.800000 -0.201200
335.900000 -0.201146
336.000000 -0.201092
336.100000 -0.201037
336.200000 -0.200983
336.300000 -0.200929
336.400000 -0.200875
336.500000 -0.200822
336.600000 -0.200768
336.700000 -0.200714
336.800000 -0.200660
336.900000 -0.200606
337.000000 -0.200552
337.100000 -0.200499
337.200000 -0.200445
337.300000 -0.200391
337.400000 -0.200338
337.500000 -0.200284
337.600000 -0.200231
337.700000 -0.200177
337.800000 -0.200123
337.900000 -0.200070
338.000000 -0.200017
338.100000 -0.199963
338.200000 -0.199910
338.300000 -0.199856
338.400000 -0.199803
338.500000 -0.199750
338.600000 -0.199697
338.700000 -0.199643
338.800000 -0.199590
338.900000 -0.199537
339.000000 -0.199484
339.100000 -0.199431
339.200000 -0.199378
339.300000 -0.199325
339.400000 -0.199272
339.500000 -0.199219
339.600000 -0.199166
339.700000 -0.199113
339.800000 -0.199060
339.900000 -0.199007
340.000000 -0.198955
340.100000 -0.198902
340.200000 -0.198849
340.300000 -0.198797
340.400000 -0.198744
340.500000 -0.198691
340.600000 -0.198639
340.700000 -0.198586
340.800000 -0.198534
340.900000 -0.198481
341.000000 -0.198429
341.100000 -0.198376
341.200000 -0.198324
341.300000 -0.198271
341.400000 -0.198219
341.500000 -0.198167
341.600000 -0.198114
341.700000 -0.198062
341.800000 -0.198010
341.900000 -0.197958
342.000000 -0.197906
342.100000 -0.197854
342.200000 -0.197801
342.300000 -0.197749
342.400000 -0.197697
342.500000 -0.197645
342.600000 -0.197593
342.700000 -0.197542
342.800000 -0.197490
342.900000 -0.197438
343.000000 -0.197386
343.100000 -0.197334
343.200000 -0.197282
343.300000 -0.197231
343.400000 -0.197179
343.500000 -0.197127
343.600000 -0.197076
343.700000 -0.197024
343.800000 -0.196972
343.900000 -0.196921
344.000000 -0.196869
344.100000 -0.196818
344.200000 -0.196766
344.300000 -0.196715
344.400000 -0.196664
344.500000 -0.196612
344.600000 -0.196561
344.700000 -0.196510
344.800000 -0.196458
344.900000 -0.196407
345.000000 -0.196356
345.100000 -0.196305
345.200000 -0.196253
345.300000 -0.196202
345.400000 -0.196151
345.500000 -0.196100
345.600000 -0.196049
345.700000 -0.195998
345.800000 -0.195947
345.900000 -0.195896
346.000000 -0.195845
346.100000 -0.195794
346.200000 -0.195744
346.300000 -0.195693
346.400000 -0.195642
346.500000 -0.195591
346.600000 -0.195540
346.700000 -0.195490
346.800000 -0.195439
346.900000 -0.195388
347.000000 -0.195338
347.100000 -0.195287
347.200000 -0.195237
347.300000 -0.195186
347.400000 -0.195136
347.500000 -0.195085
347.600000 -0.195035
347.700000 -0.194984
347.800000 -0.194934
347.900000 -0.194884
348.000000 -0.194833
348.100000 -0.194783
348.200000 -0.194733
348.300000 -0.194683
348.400000 -0.194633
348.500000 -0.194582
348.600000 -0.194532
348.700000 -0.194482
348.800000 -0.194432
348.900000 -0.194382
349.000000 -0.194332
349.100000 -0.194282
349.200000 -0.194232
349.300000 -0.194182
349.400000 -0.194132
349.500000 -0.194082
349.600000 -0.194033
349.700000 -0.193983
349.800000 -0.193933
349.900000 -0.193883
