1.000000 -9.418600
1.100000 -9.934260
1.200000 -10.356164
1.300000 -10.829283
1.400000 -11.229615
1.500000 -11.624514
1.600000 -11.966760
1.700000 -12.266225
1.800000 -12.546459
1.900000 -12.795556
2.000000 -13.018789
2.100000 -13.219700
2.200000 -13.401476
2.300000 -13.558891
2.400000 -13.702617
2.500000 -13.821350
2.600000 -13.930584
2.700000 -14.031415
2.800000 -14.109089
2.900000 -14.181214
3.000000 -14.230924
3.100000 -14.277320
3.200000 -14.320723
3.300000 -14.343900
3.400000 -14.365673
3.500000 -14.368741
3.600000 -14.371634
3.700000 -14.374367
3.800000 -14.360541
3.900000 -14.347442
4.000000 -14.319385
4.100000 -14.292730
4.200000 -14.267376
4.300000 -14.228871
4.400000 -14.192158
4.500000 -14.143686
4.600000 -14.097369
4.700000 -14.053065
4.800000 -14.053065
4.900000 -13.998430
5.000000 -13.946071
5.100000 -13.884518
5.200000 -13.825428
5.300000 -13.768655
5.400000 -13.703785
5.500000 -13.641362
5.600000 -13.571752
5.700000 -13.504673
5.800000 -13.439989
5.900000 -13.368965
6.000000 -13.300390
6.100000 -13.226193
6.200000 -13.154470
6.300000 -13.085098
6.400000 -13.010758
6.500000 -12.938778
6.600000 -12.862403
6.700000 -15.053339
6.800000 -14.762046
6.900000 -14.664685
7.000000 -14.615957
7.100000 -14.469799
7.200000 -14.467223
7.300000 -14.266329
7.400000 -14.164989
7.500000 -13.916492
7.600000 -13.862532
7.700000 -13.690728
7.800000 -13.576341
7.900000 -13.503167
8.000000 -13.360651
8.100000 -13.255388
8.200000 -13.149361
8.300000 -13.013646
8.400000 -12.918143
8.500000 -12.768170
8.600000 -12.658941
8.700000 -12.542145
8.800000 -12.419463
8.900000 -12.324330
9.000000 -12.193964
9.100000 -12.082183
9.200000 -11.971517
9.300000 -11.850764
9.400000 -11.757280
9.500000 -11.636118
9.600000 -11.534253
9.700000 -11.428855
9.800000 -11.320486
9.900000 -11.230661
10.000000 -11.116448
10.100000 -11.023189
10.200000 -10.923785
10.300000 -10.824707
10.400000 -10.739911
10.500000 -10.638011
10.600000 -10.551362
10.700000 -10.460796
10.800000 -10.369971
10.900000 -10.291360
11.000000 -10.198223
11.100000 -10.118223
11.200000 -10.035240
11.300000 -9.951954
11.400000 -9.879271
11.500000 -9.793232
11.600000 -9.718975
11.700000 -9.641560
11.800000 -9.564283
11.900000 -9.493580
12.000000 -9.412476
12.100000 -9.342225
12.200000 -9.267904
12.300000 -9.193873
12.400000 -9.125788
12.500000 -9.049495
12.600000 -8.981709
12.700000 -8.912293
12.800000 -8.844922
12.900000 -8.782152
13.000000 -8.712162
13.100000 -8.652122
13.200000 -8.588791
13.300000 -8.528136
13.400000 -8.471037
13.500000 -8.410556
13.600000 -8.356297
13.700000 -8.299889
13.800000 -8.245537
13.900000 -8.195156
14.000000 -8.140634
14.100000 -8.091430
14.200000 -8.040679
14.300000 -7.991755
14.400000 -7.945658
14.500000 -7.895926
14.600000 -7.850915
14.700000 -7.803890
14.800000 -7.758164
14.900000 -7.714996
15.000000 -7.668714
15.100000 -7.626412
15.200000 -7.582988
15.300000 -7.539271
15.400000 -7.497465
15.500000 -7.453082
15.600000 -7.411874
15.700000 -7.366861
15.800000 -7.322443
15.900000 -7.279960
16.000000 -7.235517
16.100000 -7.189386
16.200000 -7.143147
16.300000 -7.096891
16.400000 -7.052660
16.500000 -7.002764
16.600000 -6.955470
16.700000 -6.907748
16.800000 -6.860369
16.900000 -6.813127
17.000000 -6.763951
17.100000 -6.717194
17.200000 -6.669966
17.300000 -6.623008
17.400000 -6.577658
17.500000 -6.530767
17.600000 -6.485955
17.700000 -6.442084
17.800000 -6.398837
17.900000 -6.356902
18.000000 -6.313612
18.100000 -6.274565
18.200000 -6.235031
18.300000 -6.196274
18.400000 -6.158522
18.500000 -6.119829
18.600000 -6.082673
18.700000 -6.046978
18.800000 -5.978099
18.900000 -5.943148
19.000000 -5.910809
19.100000 -5.877990
19.200000 -5.846030
19.300000 -5.814718
19.400000 -5.783421
19.500000 -5.753373
19.600000 -5.722977
19.700000 -5.693306
19.800000 -5.664391
19.900000 -5.634921
20.000000 -5.606554
20.100000 -5.577911
20.200000 -5.549837
20.300000 -5.522281
20.400000 -5.494247
20.500000 -5.467194
20.600000 -5.440463
20.700000 -5.414341
20.800000 -5.388667
20.900000 -5.362559
21.000000 -5.338179
21.100000 -5.313560
21.200000 -5.289534
21.300000 -5.265889
21.400000 -5.242408
21.500000 -5.219698
21.600000 -5.196810
21.700000 -5.174436
21.800000 -5.153508
21.900000 -5.132275
22.000000 -5.111704
22.100000 -5.091036
22.200000 -5.070795
22.300000 -5.050912
22.400000 -5.031237
22.500000 -5.012146
22.600000 -4.992995
22.700000 -4.974215
22.800000 -4.955770
22.900000 -4.937103
23.000000 -4.918965
23.100000 -4.900775
23.200000 -4.882465
23.300000 -4.864425
23.400000 -4.846197
23.500000 -4.828428
23.600000 -4.809335
23.700000 -4.790504
23.800000 -4.771953
23.900000 -4.753266
24.000000 -4.733450
24.100000 -4.713681
24.200000 -4.694103
24.300000 -4.674824
24.400000 -4.653576
24.500000 -4.632764
24.600000 -4.611953
24.700000 -4.591375
24.800000 -4.569306
24.900000 -4.547115
25.000000 -4.525379
25.100000 -4.503619
25.200000 -4.481021
25.300000 -4.458671
25.400000 -4.436261
25.500000 -4.414250
25.600000 -4.392269
25.700000 -4.370574
25.800000 -4.348337
25.900000 -4.326084
26.000000 -4.304227
26.100000 -4.282397
26.200000 -4.260909
26.300000 -4.239637
26.400000 -4.218361
26.500000 -4.197451
26.600000 -4.176816
26.700000 -4.156455
26.800000 -4.136292
26.900000 -4.116128
27.000000 -4.096932
27.100000 -4.077753
27.200000 -4.058833
27.300000 -4.040083
27.400000 -4.022119
27.500000 -4.004429
27.600000 -3.986774
27.700000 -3.969338
27.800000 -3.952627
27.900000 -3.935929
28.000000 -3.919471
28.100000 -3.903057
28.200000 -3.887813
28.300000 -3.872726
28.400000 -3.857631
28.500000 -3.842772
28.600000 -3.828391
28.700000 -3.814171
28.800000 -3.800088
28.900000 -3.785990
29.000000 -3.772560
29.100000 -3.759136
29.200000 -3.745866
29.300000 -3.732717
29.400000 -3.719565
29.500000 -3.706613
29.600000 -3.694075
29.700000 -3.681686
29.800000 -3.669402
29.900000 -3.657109
30.000000 -3.645636
30.100000 -3.634157
30.200000 -3.622821
30.300000 -3.611575
30.400000 -3.600633
30.500000 -3.589853
30.600000 -3.579072
30.700000 -3.568421
30.800000 -3.558333
30.900000 -3.548242
31.000000 -3.538293
31.100000 -3.528353
31.200000 -3.518532
31.300000 -3.508793
31.400000 -3.499052
31.500000 -3.489444
31.600000 -3.479871
31.700000 -3.470402
31.800000 -3.461010
31.900000 -3.451615
32.000000 -3.442506
32.100000 -3.433402
32.200000 -3.424396
32.300000 -3.415461
32.400000 -3.405822
32.500000 -3.396306
32.600000 -3.386790
32.700000 -3.377376
32.800000 -3.367801
32.900000 -3.358224
33.000000 -3.348765
33.100000 -3.339306
33.200000 -3.329943
33.300000 -3.320649
33.400000 -3.310735
33.500000 -3.300941
33.600000 -3.291144
33.700000 -3.281448
33.800000 -3.271112
33.900000 -3.260784
34.000000 -3.250581
34.100000 -3.240373
34.200000 -3.229657
34.300000 -3.219006
34.400000 -3.208376
34.500000 -3.197860
34.600000 -3.186806
34.700000 -3.175859
34.800000 -3.164985
34.900000 -3.154142
35.000000 -3.143128
35.100000 -3.132140
35.200000 -3.121253
35.300000 -3.110441
35.400000 -3.099408
35.500000 -3.088486
35.600000 -3.077592
35.700000 -3.066798
35.800000 -3.056061
35.900000 -3.045355
36.000000 -3.034754
36.100000 -3.024182
36.200000 -3.013475
36.300000 -3.002841
36.400000 -2.992243
36.500000 -2.981745
36.600000 -2.971281
36.700000 -2.960910
36.800000 -2.950804
36.900000 -2.940729
37.000000 -2.930746
37.100000 -2.920796
37.200000 -2.911083
37.300000 -2.901438
37.400000 -2.891822
37.500000 -2.882293
37.600000 -2.873428
37.700000 -2.864641
37.800000 -2.855909
37.900000 -2.847195
38.000000 -2.838593
38.100000 -2.830011
38.200000 -2.821502
38.300000 -2.813046
38.400000 -2.804910
38.500000 -2.796846
38.600000 -2.788803
38.700000 -2.780826
38.800000 -2.773022
38.900000 -2.765237
39.000000 -2.757519
39.100000 -2.749822
39.200000 -2.742711
39.300000 -2.735645
39.400000 -2.728589
39.500000 -2.721597
39.600000 -2.714688
39.700000 -2.707829
39.800000 -2.701012
39.900000 -2.694206
40.000000 -2.687776
40.100000 -2.681356
40.200000 -2.674984
40.300000 -2.668649
40.400000 -2.662325
40.500000 -2.656055
40.600000 -2.649606
40.700000 -2.643203
40.800000 -2.636837
40.900000 -2.630484
41.000000 -2.624461
41.100000 -2.618446
41.200000 -2.612475
41.300000 -2.606537
41.400000 -2.600473
41.500000 -2.594455
41.600000 -2.588447
41.700000 -2.582482
41.800000 -2.576537
41.900000 -2.570605
42.000000 -2.564718
42.100000 -2.558841
42.200000 -2.552914
42.300000 -2.547019
42.400000 -2.541137
42.500000 -2.535298
42.600000 -2.529483
42.700000 -2.523708
42.800000 -2.517964
42.900000 -2.512233
43.000000 -2.506443
43.100000 -2.500665
43.200000 -2.494924
43.300000 -2.489214
43.400000 -2.483462
43.500000 -2.477752
43.600000 -2.472052
43.700000 -2.466390
43.800000 -2.460758
43.900000 -2.455139
44.000000 -2.449534
44.100000 -2.443941
44.200000 -2.438383
44.300000 -2.432854
44.400000 -2.427218
44.500000 -2.421620
44.600000 -2.416034
44.700000 -2.410483
44.800000 -2.404754
44.900000 -2.399040
45.000000 -2.393364
45.100000 -2.387702
45.200000 -2.382116
45.300000 -2.376559
45.400000 -2.371016
45.500000 -2.365510
45.600000 -2.359978
45.700000 -2.354480
45.800000 -2.349009
45.900000 -2.343553
46.000000 -2.338097
46.100000 -2.332655
46.200000 -2.327245
46.300000 -2.321862
46.400000 -2.316437
46.500000 -2.311047
46.600000 -2.305671
46.700000 -2.300327
46.800000 -2.295003
46.900000 -2.289694
47.000000 -2.284419
47.100000 -2.279157
47.200000 -2.274009
47.300000 -2.268886
47.400000 -2.263776
47.500000 -2.258699
47.600000 -2.253633
47.700000 -2.248596
47.800000 -2.243328
47.900000 -2.238075
48.000000 -2.232856
48.100000 -2.227650
48.200000 -2.222266
48.300000 -2.216908
48.400000 -2.211568
48.500000 -2.206262
48.600000 -2.200953
48.700000 -2.195675
48.800000 -2.190423
48.900000 -2.185188
49.000000 -2.179947
49.100000 -2.174723
49.200000 -2.169527
49.300000 -2.164356
49.400000 -2.159307
49.500000 -2.154288
49.600000 -2.149284
49.700000 -2.144306
49.800000 -2.139534
49.900000 -2.134775
50.000000 -2.130043
50.100000 -2.125326
50.200000 -2.120604
50.300000 -2.115904
50.400000 -2.111218
50.500000 -2.106559
50.600000 -2.101930
50.700000 -2.097326
50.800000 -2.092743
50.900000 -2.088173
51.000000 -2.083629
51.100000 -2.079099
51.200000 -2.074602
51.300000 -2.070125
51.400000 -2.065661
51.500000 -2.061222
51.600000 -2.056921
51.700000 -2.052641
51.800000 -2.048380
51.900000 -2.044130
52.000000 -2.039925
52.100000 -2.035731
52.200000 -2.031559
52.300000 -2.027404
52.400000 -2.023214
52.500000 -2.019047
52.600000 -2.014892
52.700000 -2.010757
52.800000 -2.006861
52.900000 -2.002974
53.000000 -1.999107
53.100000 -1.995251
53.200000 -1.991409
53.300000 -1.987583
53.400000 -1.983767
53.500000 -1.979971
53.600000 -1.976256
53.700000 -1.972559
53.800000 -1.968877
53.900000 -1.965206
54.000000 -1.961587
54.100000 -1.957978
54.200000 -1.954390
54.300000 -1.950816
54.400000 -1.947305
54.500000 -1.943811
54.600000 -1.940328
54.700000 -1.936864
54.800000 -1.933411
54.900000 -1.929973
55.000000 -1.926624
55.100000 -1.923286
55.200000 -1.919962
55.300000 -1.916649
55.400000 -1.913442
55.500000 -1.910246
55.600000 -1.907060
55.700000 -1.903888
55.800000 -1.900813
55.900000 -1.897749
56.000000 -1.894696
56.100000 -1.891652
56.200000 -1.888611
56.300000 -1.885579
56.400000 -1.882558
56.500000 -1.879548
56.600000 -1.876491
56.700000 -1.873447
56.800000 -1.870412
56.900000 -1.867388
57.000000 -1.864147
57.100000 -1.860917
57.200000 -1.857700
57.300000 -1.854493
57.400000 -1.851246
57.500000 -1.848010
57.600000 -1.844785
57.700000 -1.841572
57.800000 -1.838355
57.900000 -1.835148
58.000000 -1.831953
58.100000 -1.828769
58.200000 -1.825406
58.300000 -1.822055
58.400000 -1.818716
58.500000 -1.815390
58.600000 -1.812077
58.700000 -1.808778
58.800000 -1.805541
58.900000 -1.802316
59.000000 -1.799103
59.100000 -1.795903
59.200000 -1.792514
59.300000 -1.789137
59.400000 -1.785774
59.500000 -1.782422
59.600000 -1.779057
59.700000 -1.775705
59.800000 -1.772365
59.900000 -1.769038
60.000000 -1.765734
60.100000 -1.762443
60.200000 -1.759166
60.300000 -1.755899
60.400000 -1.752614
60.500000 -1.749339
60.600000 -1.746078
60.700000 -1.742829
60.800000 -1.739623
60.900000 -1.736430
61.000000 -1.733247
61.100000 -1.730076
61.200000 -1.726811
61.300000 -1.723557
61.400000 -1.720315
61.500000 -1.717085
61.600000 -1.713961
61.700000 -1.710849
61.800000 -1.707748
61.900000 -1.704658
62.000000 -1.701579
62.100000 -1.698511
62.200000 -1.695428
62.300000 -1.692356
62.400000 -1.689295
62.500000 -1.686245
62.600000 -1.683225
62.700000 -1.680217
62.800000 -1.677219
62.900000 -1.674233
63.000000 -1.671294
63.100000 -1.668365
63.200000 -1.665449
63.300000 -1.662542
63.400000 -1.659666
63.500000 -1.656799
63.600000 -1.653943
63.700000 -1.651098
63.800000 -1.648362
63.900000 -1.645635
64.000000 -1.642917
64.100000 -1.640208
64.200000 -1.637741
64.300000 -1.635282
64.400000 -1.632831
64.500000 -1.630387
64.600000 -1.627987
64.700000 -1.625594
64.800000 -1.623208
64.900000 -1.620830
65.000000 -1.618523
65.100000 -1.616223
65.200000 -1.613931
65.300000 -1.611645
65.400000 -1.609417
65.500000 -1.607196
65.600000 -1.604981
65.700000 -1.602772
65.800000 -1.600571
65.900000 -1.598375
66.000000 -1.596166
66.100000 -1.593963
66.200000 -1.591768
66.300000 -1.589578
66.400000 -1.587433
66.500000 -1.585294
66.600000 -1.583162
66.700000 -1.581036
66.800000 -1.578825
66.900000 -1.576621
67.000000 -1.574423
67.100000 -1.572232
67.200000 -1.569967
67.300000 -1.567709
67.400000 -1.565457
67.500000 -1.563213
67.600000 -1.560921
67.700000 -1.558637
67.800000 -1.556360
67.900000 -1.554090
68.000000 -1.551797
68.100000 -1.549513
68.200000 -1.547235
68.300000 -1.544965
68.400000 -1.542613
68.500000 -1.540269
68.600000 -1.537933
68.700000 -1.535604
68.800000 -1.533232
68.900000 -1.530868
69.000000 -1.528511
69.100000 -1.526162
69.200000 -1.523820
69.300000 -1.521486
69.400000 -1.518994
69.500000 -1.516510
69.600000 -1.514035
69.700000 -1.511568
69.800000 -1.509155
69.900000 -1.506749
70.000000 -1.504352
70.100000 -1.501961
70.200000 -1.499514
70.300000 -1.497075
70.400000 -1.494643
70.500000 -1.492220
70.600000 -1.489808
70.700000 -1.487404
70.800000 -1.485008
70.900000 -1.482620
71.000000 -1.480187
71.100000 -1.477763
71.200000 -1.475346
71.300000 -1.472938
71.400000 -1.470626
71.500000 -1.468321
71.600000 -1.466024
71.700000 -1.463735
71.800000 -1.461546
71.900000 -1.459363
72.000000 -1.457187
72.100000 -1.455018
72.200000 -1.452874
72.300000 -1.450737
72.400000 -1.448606
72.500000 -1.446481
72.600000 -1.444421
72.700000 -1.442368
72.800000 -1.440320
72.900000 -1.438278
73.000000 -1.436242
73.100000 -1.434213
73.200000 -1.432164
73.300000 -1.430121
73.400000 -1.428084
73.500000 -1.426053
73.600000 -1.424010
73.700000 -1.421974
73.800000 -1.419943
73.900000 -1.417918
74.000000 -1.415955
74.100000 -1.413999
74.200000 -1.412048
74.300000 -1.410103
74.400000 -1.408240
74.500000 -1.406383
74.600000 -1.404531
74.700000 -1.402685
74.800000 -1.400871
74.900000 -1.399062
75.000000 -1.397257
75.100000 -1.395458
75.200000 -1.393742
75.300000 -1.393742
75.400000 -1.392032
75.500000 -1.390325
75.600000 -1.388623
75.700000 -1.386927
75.800000 -1.385235
75.900000 -1.383548
76.000000 -1.381865
76.100000 -1.380223
76.200000 -1.378584
76.300000 -1.376950
76.400000 -1.375320
76.500000 -1.373695
76.600000 -1.372073
76.700000 -1.370507
76.800000 -1.368946
76.900000 -1.367388
77.000000 -1.365834
77.100000 -1.364310
77.200000 -1.362790
77.300000 -1.361274
77.400000 -1.359762
77.500000 -1.358160
77.600000 -1.356562
77.700000 -1.354968
77.800000 -1.353378
77.900000 -1.351789
78.000000 -1.350204
78.100000 -1.348623
78.200000 -1.347046
78.300000 -1.345467
78.400000 -1.343891
78.500000 -1.342319
78.600000 -1.340751
78.700000 -1.339127
78.800000 -1.337507
78.900000 -1.335892
79.000000 -1.334281
79.100000 -1.332611
79.200000 -1.330947
79.300000 -1.329286
79.400000 -1.327630
79.500000 -1.325964
79.600000 -1.324302
79.700000 -1.322645
79.800000 -1.320992
79.900000 -1.319296
80.000000 -1.317605
80.100000 -1.315918
80.200000 -1.314236
80.300000 -1.312558
80.400000 -1.310885
80.500000 -1.309253
80.600000 -1.307626
80.700000 -1.306003
80.800000 -1.304384
80.900000 -1.302730
81.000000 -1.301081
81.100000 -1.299436
81.200000 -1.297795
81.300000 -1.296117
81.400000 -1.294444
81.500000 -1.292775
81.600000 -1.291110
81.700000 -1.289401
81.800000 -1.287696
81.900000 -1.285996
82.000000 -1.284300
82.100000 -1.282579
82.200000 -1.280862
82.300000 -1.279150
82.400000 -1.277442
82.500000 -1.275686
82.600000 -1.273934
82.700000 -1.272187
82.800000 -1.270445
82.900000 -1.268737
83.000000 -1.267033
83.100000 -1.265333
83.200000 -1.263639
83.300000 -1.261991
83.400000 -1.260348
83.500000 -1.258709
83.600000 -1.257075
83.700000 -1.255443
83.800000 -1.253815
83.900000 -1.252192
84.000000 -1.250572
84.100000 -1.248958
84.200000 -1.247347
84.300000 -1.245769
84.400000 -1.244195
84.500000 -1.242625
84.600000 -1.241059
84.700000 -1.239466
84.800000 -1.237877
84.900000 -1.236293
85.000000 -1.234713
85.100000 -1.233159
85.200000 -1.231610
85.300000 -1.230065
85.400000 -1.228524
85.500000 -1.227037
85.600000 -1.225553
85.700000 -1.224074
85.800000 -1.222598
85.900000 -1.221169
86.000000 -1.219743
86.100000 -1.218320
86.200000 -1.216901
86.300000 -1.215561
86.400000 -1.214225
86.500000 -1.212891
86.600000 -1.211561
86.700000 -1.210283
86.800000 -1.209008
86.900000 -1.207735
87.000000 -1.206466
87.100000 -1.205219
87.200000 -1.203974
87.300000 -1.202732
87.400000 -1.201493
87.500000 -1.200257
87.600000 -1.199023
87.700000 -1.197787
87.800000 -1.196553
87.900000 -1.195322
88.000000 -1.194093
88.100000 -1.192834
88.200000 -1.191579
88.300000 -1.190325
88.400000 -1.189075
88.500000 -1.187794
88.600000 -1.186515
88.700000 -1.185240
88.800000 -1.183967
88.900000 -1.182687
89.000000 -1.181409
89.100000 -1.180134
89.200000 -1.178862
89.300000 -1.177617
89.400000 -1.176376
89.500000 -1.175137
89.600000 -1.173901
89.700000 -1.172639
89.800000 -1.171380
89.900000 -1.170124
90.000000 -1.168870
90.100000 -1.167629
90.200000 -1.166390
90.300000 -1.165153
90.400000 -1.163920
90.500000 -1.162675
90.600000 -1.161433
90.700000 -1.160193
90.800000 -1.158956
90.900000 -1.157775
91.000000 -1.156597
91.100000 -1.155421
91.200000 -1.154248
91.300000 -1.153077
91.400000 -1.151909
91.500000 -1.150697
91.600000 -1.149488
91.700000 -1.148281
91.800000 -1.147077
91.900000 -1.145915
92.000000 -1.144756
92.100000 -1.143599
92.200000 -1.142445
92.300000 -1.141106
92.400000 -1.139771
92.500000 -1.138439
92.600000 -1.137110
92.700000 -1.135785
92.800000 -1.134462
92.900000 -1.133143
93.000000 -1.131827
93.100000 -1.130515
93.200000 -1.129205
93.300000 -1.127899
93.400000 -1.126596
93.500000 -1.125296
93.600000 -1.123998
93.700000 -1.122704
93.800000 -1.121414
93.900000 -1.120126
94.000000 -1.118841
94.100000 -1.117559
94.200000 -1.116280
94.300000 -1.115005
94.400000 -1.113732
94.500000 -1.112462
94.600000 -1.111195
94.700000 -1.109932
94.800000 -1.108671
94.900000 -1.107413
95.000000 -1.106158
95.100000 -1.104907
95.200000 -1.103658
95.300000 -1.102412
95.400000 -1.101169
95.500000 -1.099928
95.600000 -1.098691
95.700000 -1.097457
95.800000 -1.096225
95.900000 -1.094997
96.000000 -1.093771
96.100000 -1.092548
96.200000 -1.091328
96.300000 -1.090111
96.400000 -1.088896
96.500000 -1.087685
96.600000 -1.086476
96.700000 -1.085270
96.800000 -1.084067
96.900000 -1.082867
97.000000 -1.081670
97.100000 -1.080475
97.200000 -1.079283
97.300000 -1.078094
97.400000 -1.076908
97.500000 -1.075725
97.600000 -1.074544
97.700000 -1.073366
97.800000 -1.072191
97.900000 -1.071018
98.000000 -1.069849
98.100000 -1.068682
98.200000 -1.067517
98.300000 -1.066356
98.400000 -1.065196
98.500000 -1.064040
98.600000 -1.062886
98.700000 -1.061735
98.800000 -1.060587
98.900000 -1.059441
99.000000 -1.058298
99.100000 -1.057158
99.200000 -1.056020
99.300000 -1.054884
99.400000 -1.053751
99.500000 -1.052621
99.600000 -1.051494
99.700000 -1.050369
99.800000 -1.049246
99.900000 -1.048126
100.000000 -1.047009
100.100000 -1.045894
100.200000 -1.044781
100.300000 -1.043672
100.400000 -1.042564
100.500000 -1.041459
100.600000 -1.040357
100.700000 -1.039257
100.800000 -1.038160
100.900000 -1.037065
101.000000 -1.035972
101.100000 -1.034882
101.200000 -1.033794
101.300000 -1.032709
101.400000 -1.031626
101.500000 -1.030546
101.600000 -1.029468
101.700000 -1.028392
101.800000 -1.027319
101.900000 -1.026248
102.000000 -1.025179
102.100000 -1.024113
102.200000 -1.023049
102.300000 -1.021988
102.400000 -1.020929
102.500000 -1.019872
102.600000 -1.018818
102.700000 -1.017765
102.800000 -1.016716
102.900000 -1.015668
103.000000 -1.014623
103.100000 -1.013580
103.200000 -1.012539
103.300000 -1.011501
103.400000 -1.010465
103.500000 -1.009431
103.600000 -1.008399
103.700000 -1.007370
103.800000 -1.006343
103.900000 -1.005318
104.000000 -1.004295
104.100000 -1.003274
104.200000 -1.002256
104.300000 -1.001240
104.400000 -1.000226
104.500000 -0.999214
104.600000 -0.998205
104.700000 -0.997197
104.800000 -0.996192
104.900000 -0.995189
105.000000 -0.994188
105.100000 -0.993189
105.200000 -0.992192
105.300000 -0.991198
105.400000 -0.990206
105.500000 -0.989215
105.600000 -0.988227
105.700000 -0.987241
105.800000 -0.986257
105.900000 -0.985275
106.000000 -0.984295
106.100000 -0.983317
106.200000 -0.982342
106.300000 -0.981368
106.400000 -0.980396
106.500000 -0.979427
106.600000 -0.978459
106.700000 -0.977494
106.800000 -0.976531
106.900000 -0.975569
107.000000 -0.974610
107.100000 -0.973652
107.200000 -0.972697
107.300000 -0.971744
107.400000 -0.970792
107.500000 -0.969843
107.600000 -0.968895
107.700000 -0.967950
107.800000 -0.967006
107.900000 -0.966065
108.000000 -0.965125
108.100000 -0.964188
108.200000 -0.963252
108.300000 -0.962318
108.400000 -0.961386
108.500000 -0.960456
108.600000 -0.959528
108.700000 -0.958602
108.800000 -0.957678
108.900000 -0.956756
109.000000 -0.955835
109.100000 -0.954917
109.200000 -0.954000
109.300000 -0.953086
109.400000 -0.952173
109.500000 -0.951262
109.600000 -0.950353
109.700000 -0.949445
109.800000 -0.948540
109.900000 -0.947636
110.000000 -0.946735
110.100000 -0.945835
110.200000 -0.944936
110.300000 -0.944040
110.400000 -0.943146
110.500000 -0.942253
110.600000 -0.941362
110.700000 -0.940473
110.800000 -0.939586
110.900000 -0.938700
111.000000 -0.937817
111.100000 -0.936935
111.200000 -0.936055
111.300000 -0.935176
111.400000 -0.934300
111.500000 -0.933425
111.600000 -0.932552
111.700000 -0.931680
111.800000 -0.930810
111.900000 -0.929943
112.000000 -0.929076
112.100000 -0.928212
112.200000 -0.927349
112.300000 -0.926488
112.400000 -0.925629
112.500000 -0.924771
112.600000 -0.923915
112.700000 -0.923061
112.800000 -0.922209
112.900000 -0.921358
113.000000 -0.920509
113.100000 -0.919661
113.200000 -0.918815
113.300000 -0.917971
113.400000 -0.917128
113.500000 -0.916288
113.600000 -0.915448
113.700000 -0.914611
113.800000 -0.913775
113.900000 -0.912941
114.000000 -0.912108
114.100000 -0.911277
114.200000 -0.910448
114.300000 -0.909620
114.400000 -0.908794
114.500000 -0.907969
114.600000 -0.907146
114.700000 -0.906325
114.800000 -0.905505
114.900000 -0.904687
115.000000 -0.903870
115.100000 -0.903055
115.200000 -0.902241
115.300000 -0.901429
115.400000 -0.900619
115.500000 -0.899810
115.600000 -0.899003
115.700000 -0.898197
115.800000 -0.897393
115.900000 -0.896591
116.000000 -0.895790
116.100000 -0.894990
116.200000 -0.894192
116.300000 -0.893396
116.400000 -0.892601
116.500000 -0.891807
116.600000 -0.891015
116.700000 -0.890225
116.800000 -0.889436
116.900000 -0.888649
117.000000 -0.887863
117.100000 -0.887078
117.200000 -0.886295
117.300000 -0.885514
117.400000 -0.884734
117.500000 -0.883955
117.600000 -0.883178
117.700000 -0.882403
117.800000 -0.881629
117.900000 -0.880856
118.000000 -0.880085
118.100000 -0.879315
118.200000 -0.878547
118.300000 -0.877780
118.400000 -0.877014
118.500000 -0.876250
118.600000 -0.875488
118.700000 -0.874726
118.800000 -0.873967
118.900000 -0.873208
119.000000 -0.872452
119.100000 -0.871696
119.200000 -0.870942
119.300000 -0.870189
119.400000 -0.869438
119.500000 -0.868688
119.600000 -0.867939
119.700000 -0.867192
119.800000 -0.866447
119.900000 -0.865702
120.000000 -0.864959
120.100000 -0.864218
120.200000 -0.863477
120.300000 -0.862738
120.400000 -0.862001
120.500000 -0.861265
120.600000 -0.860530
120.700000 -0.859796
120.800000 -0.859064
120.900000 -0.858333
121.000000 -0.857604
121.100000 -0.856876
121.200000 -0.856149
121.300000 -0.855423
121.400000 -0.854699
121.500000 -0.853976
121.600000 -0.853255
121.700000 -0.852535
121.800000 -0.851816
121.900000 -0.851098
122.000000 -0.850382
122.100000 -0.849667
122.200000 -0.848953
122.300000 -0.848240
122.400000 -0.847529
122.500000 -0.846819
122.600000 -0.846111
122.700000 -0.845403
122.800000 -0.844697
122.900000 -0.843993
123.000000 -0.843289
123.100000 -0.842587
123.200000 -0.841886
123.300000 -0.841186
123.400000 -0.840488
123.500000 -0.839790
123.600000 -0.839094
123.700000 -0.838400
123.800000 -0.837706
123.900000 -0.837014
124.000000 -0.836323
124.100000 -0.835633
124.200000 -0.834944
124.300000 -0.834257
124.400000 -0.833571
124.500000 -0.832886
124.600000 -0.832202
124.700000 -0.831520
124.800000 -0.830838
124.900000 -0.830158
125.000000 -0.829479
125.100000 -0.828802
125.200000 -0.828125
125.300000 -0.827450
125.400000 -0.826776
125.500000 -0.826103
125.600000 -0.825431
125.700000 -0.824760
125.800000 -0.824091
125.900000 -0.823423
126.000000 -0.822756
126.100000 -0.822090
126.200000 -0.821425
126.300000 -0.820761
126.400000 -0.820099
126.500000 -0.819438
126.600000 -0.818777
126.700000 -0.818118
126.800000 -0.817461
126.900000 -0.816804
127.000000 -0.816148
127.100000 -0.815494
127.200000 -0.814841
127.300000 -0.814188
127.400000 -0.813537
127.500000 -0.812887
127.600000 -0.812239
127.700000 -0.811591
127.800000 -0.810944
127.900000 -0.810299
128.000000 -0.809654
128.100000 -0.809011
128.200000 -0.808369
128.300000 -0.807728
128.400000 -0.807088
128.500000 -0.806449
128.600000 -0.805811
128.700000 -0.805175
128.800000 -0.804539
128.900000 -0.803905
129.000000 -0.803271
129.100000 -0.802639
129.200000 -0.802008
129.300000 -0.801377
129.400000 -0.800748
129.500000 -0.800120
129.600000 -0.799493
129.700000 -0.798867
129.800000 -0.798243
129.900000 -0.797619
130.000000 -0.796996
130.100000 -0.796374
130.200000 -0.795754
130.300000 -0.795134
130.400000 -0.794515
130.500000 -0.793898
130.600000 -0.793281
130.700000 -0.792666
130.800000 -0.792051
130.900000 -0.791438
131.000000 -0.790826
131.100000 -0.790214
131.200000 -0.789604
131.300000 -0.788995
131.400000 -0.788386
131.500000 -0.787779
131.600000 -0.787173
131.700000 -0.786568
131.800000 -0.785963
131.900000 -0.785360
132.000000 -0.784758
132.100000 -0.784157
132.200000 -0.783556
132.300000 -0.782957
132.400000 -0.782359
132.500000 -0.781762
132.600000 -0.781165
132.700000 -0.780570
132.800000 -0.779976
132.900000 -0.779382
133.000000 -0.778790
133.100000 -0.778199
133.200000 -0.777608
133.300000 -0.777019
133.400000 -0.776430
133.500000 -0.775843
133.600000 -0.775256
133.700000 -0.774671
133.800000 -0.774086
133.900000 -0.773503
134.000000 -0.772920
134.100000 -0.772338
134.200000 -0.771757
134.300000 -0.771177
134.400000 -0.770598
134.500000 -0.770020
134.600000 -0.769443
134.700000 -0.768867
134.800000 -0.768292
134.900000 -0.767718
135.000000 -0.767145
135.100000 -0.766572
135.200000 -0.766001
135.300000 -0.765430
135.400000 -0.764861
135.500000 -0.764292
135.600000 -0.763724
135.700000 -0.763157
135.800000 -0.762591
135.900000 -0.762026
136.000000 -0.761462
136.100000 -0.760899
136.200000 -0.760337
136.300000 -0.759775
136.400000 -0.759215
136.500000 -0.758655
136.600000 -0.758097
136.700000 -0.757539
136.800000 -0.756982
136.900000 -0.756426
137.000000 -0.755871
137.100000 -0.755316
137.200000 -0.754763
137.300000 -0.754210
137.400000 -0.753659
137.500000 -0.753108
137.600000 -0.752558
137.700000 -0.752009
137.800000 -0.751461
137.900000 -0.750914
138.000000 -0.750367
138.100000 -0.749822
138.200000 -0.749277
138.300000 -0.748733
138.400000 -0.748190
138.500000 -0.747648
138.600000 -0.747107
138.700000 -0.746567
138.800000 -0.746027
138.900000 -0.745488
139.000000 -0.744950
139.100000 -0.744413
139.200000 -0.743877
139.300000 -0.743342
139.400000 -0.742807
139.500000 -0.742274
139.600000 -0.741741
139.700000 -0.741209
139.800000 -0.740678
139.900000 -0.740147
140.000000 -0.739618
140.100000 -0.739089
140.200000 -0.738561
140.300000 -0.738034
140.400000 -0.737508
140.500000 -0.736983
140.600000 -0.736458
140.700000 -0.735934
140.800000 -0.735411
140.900000 -0.734889
141.000000 -0.734368
141.100000 -0.733847
141.200000 -0.733328
141.300000 -0.732809
141.400000 -0.732291
141.500000 -0.731773
141.600000 -0.731257
141.700000 -0.730741
141.800000 -0.730226
141.900000 -0.729712
142.000000 -0.729198
142.100000 -0.728686
142.200000 -0.728174
142.300000 -0.727663
142.400000 -0.727153
142.500000 -0.726643
142.600000 -0.726134
142.700000 -0.725627
142.800000 -0.725119
142.900000 -0.724613
143.000000 -0.724107
143.100000 -0.723603
143.200000 -0.723099
143.300000 -0.722595
143.400000 -0.722093
143.500000 -0.721591
143.600000 -0.721090
143.700000 -0.720590
143.800000 -0.720090
143.900000 -0.719591
144.000000 -0.719093
144.100000 -0.718596
144.200000 -0.718100
144.300000 -0.717604
144.400000 -0.717109
144.500000 -0.716615
144.600000 -0.716121
144.700000 -0.715628
144.800000 -0.715136
144.900000 -0.714645
145.000000 -0.714155
145.100000 -0.713665
145.200000 -0.713176
145.300000 -0.712687
145.400000 -0.712200
145.500000 -0.711713
145.600000 -0.711227
145.700000 -0.710741
145.800000 -0.710257
145.900000 -0.709773
146.000000 -0.709289
146.100000 -0.708807
146.200000 -0.708325
146.300000 -0.707844
146.400000 -0.707363
146.500000 -0.706884
146.600000 -0.706405
146.700000 -0.705926
146.800000 -0.705449
146.900000 -0.704972
147.000000 -0.704496
147.100000 -0.704020
147.200000 -0.703546
147.300000 -0.703072
147.400000 -0.702598
147.500000 -0.702126
147.600000 -0.701654
147.700000 -0.701182
147.800000 -0.700712
147.900000 -0.700242
148.000000 -0.699773
148.100000 -0.699304
148.200000 -0.698836
148.300000 -0.698369
148.400000 -0.697903
148.500000 -0.697437
148.600000 -0.696972
148.700000 -0.696507
148.800000 -0.696044
148.900000 -0.695581
149.000000 -0.695118
149.100000 -0.694656
149.200000 -0.694195
149.300000 -0.693735
149.400000 -0.693275
149.500000 -0.692816
149.600000 -0.692358
149.700000 -0.691900
149.800000 -0.691443
149.900000 -0.690987
150.000000 -0.690531
150.100000 -0.690076
150.200000 -0.689621
150.300000 -0.689168
150.400000 -0.688715
150.500000 -0.688262
150.600000 -0.687810
150.700000 -0.687359
150.800000 -0.686909
150.900000 -0.686459
151.000000 -0.686010
151.100000 -0.685561
151.200000 -0.685113
151.300000 -0.684666
151.400000 -0.684219
151.500000 -0.683773
151.600000 -0.683328
151.700000 -0.682883
151.800000 -0.682439
151.900000 -0.681995
152.000000 -0.681553
152.100000 -0.681110
152.200000 -0.680669
152.300000 -0.680228
152.400000 -0.679788
152.500000 -0.679348
152.600000 -0.678909
152.700000 -0.678470
152.800000 -0.678032
152.900000 -0.677595
153.000000 -0.677159
153.100000 -0.676723
153.200000 -0.676287
153.300000 -0.675853
153.400000 -0.675418
153.500000 -0.674985
153.600000 -0.674552
153.700000 -0.674120
153.800000 -0.673688
153.900000 -0.673257
154.000000 -0.672826
154.100000 -0.672397
154.200000 -0.671967
154.300000 -0.671539
154.400000 -0.671111
154.500000 -0.670683
154.600000 -0.670256
154.700000 -0.669830
154.800000 -0.669404
154.900000 -0.668979
155.000000 -0.668555
155.100000 -0.668131
155.200000 -0.667707
155.300000 -0.667285
155.400000 -0.666863
155.500000 -0.666441
155.600000 -0.666020
155.700000 -0.665600
155.800000 -0.665180
155.900000 -0.664761
156.000000 -0.664342
156.100000 -0.663924
156.200000 -0.663506
156.300000 -0.663089
156.400000 -0.662673
156.500000 -0.662257
156.600000 -0.661842
156.700000 -0.661428
156.800000 -0.661014
156.900000 -0.660600
157.000000 -0.660187
157.100000 -0.659775
157.200000 -0.659363
157.300000 -0.658952
157.400000 -0.658541
157.500000 -0.658131
157.600000 -0.657722
157.700000 -0.657313
157.800000 -0.656904
157.900000 -0.656497
158.000000 -0.656089
158.100000 -0.655683
158.200000 -0.655276
158.300000 -0.654871
158.400000 -0.654466
158.500000 -0.654061
158.600000 -0.653657
158.700000 -0.653254
158.800000 -0.652851
158.900000 -0.652449
159.000000 -0.652047
159.100000 -0.651646
159.200000 -0.651245
159.300000 -0.650845
159.400000 -0.650445
159.500000 -0.650046
159.600000 -0.649648
159.700000 -0.649250
159.800000 -0.648852
159.900000 -0.648455
160.000000 -0.648059
160.100000 -0.647663
160.200000 -0.647268
160.300000 -0.646873
160.400000 -0.646479
160.500000 -0.646085
160.600000 -0.645692
160.700000 -0.645299
160.800000 -0.644907
160.900000 -0.644516
161.000000 -0.644124
161.100000 -0.643734
161.200000 -0.643344
161.300000 -0.642954
161.400000 -0.642565
161.500000 -0.642177
161.600000 -0.641789
161.700000 -0.641402
161.800000 -0.641015
161.900000 -0.640628
162.000000 -0.640242
162.100000 -0.639857
162.200000 -0.639472
162.300000 -0.639088
162.400000 -0.638704
162.500000 -0.638320
162.600000 -0.637938
162.700000 -0.637555
162.800000 -0.637174
162.900000 -0.636792
163.000000 -0.636411
163.100000 -0.636031
163.200000 -0.635651
163.300000 -0.635272
163.400000 -0.634893
163.500000 -0.634515
163.600000 -0.634137
163.700000 -0.633760
163.800000 -0.633383
163.900000 -0.633007
164.000000 -0.632631
164.100000 -0.632255
164.200000 -0.631881
164.300000 -0.631506
164.400000 -0.631132
164.500000 -0.630759
164.600000 -0.630386
164.700000 -0.630014
164.800000 -0.629642
164.900000 -0.629270
165.000000 -0.628899
165.100000 -0.628529
165.200000 -0.628159
165.300000 -0.627789
165.400000 -0.627420
165.500000 -0.627052
165.600000 -0.626684
165.700000 -0.626316
165.800000 -0.625949
165.900000 -0.625583
166.000000 -0.625216
166.100000 -0.624851
166.200000 -0.624485
166.300000 -0.624121
166.400000 -0.623756
166.500000 -0.623393
166.600000 -0.623029
166.700000 -0.622666
166.800000 -0.622304
166.900000 -0.621942
167.000000 -0.621581
167.100000 -0.621220
167.200000 -0.620859
167.300000 -0.620499
167.400000 -0.620140
167.500000 -0.619780
167.600000 -0.619422
167.700000 -0.619064
167.800000 -0.618706
167.900000 -0.618348
168.000000 -0.617992
168.100000 -0.617635
168.200000 -0.617279
168.300000 -0.616924
168.400000 -0.616569
168.500000 -0.616214
168.600000 -0.615860
168.700000 -0.615506
168.800000 -0.615153
168.900000 -0.614800
169.000000 -0.614448
169.100000 -0.614096
169.200000 -0.613745
169.300000 -0.613394
169.400000 -0.613043
169.500000 -0.612693
169.600000 -0.612343
169.700000 -0.611994
169.800000 -0.611645
169.900000 -0.611297
170.000000 -0.610949
170.100000 -0.610602
170.200000 -0.610255
170.300000 -0.609908
170.400000 -0.609562
170.500000 -0.609216
170.600000 -0.608871
170.700000 -0.608526
170.800000 -0.608182
170.900000 -0.607838
171.000000 -0.607494
171.100000 -0.607151
171.200000 -0.606809
171.300000 -0.606466
171.400000 -0.606124
171.500000 -0.605783
171.600000 -0.605442
171.700000 -0.605102
171.800000 -0.604761
171.900000 -0.604422
172.000000 -0.604083
172.100000 -0.603744
172.200000 -0.603405
172.300000 -0.603067
172.400000 -0.602730
172.500000 -0.602393
172.600000 -0.602056
172.700000 -0.601719
172.800000 -0.601384
172.900000 -0.601048
173.000000 -0.600713
173.100000 -0.600378
173.200000 -0.600044
173.300000 -0.599710
173.400000 -0.599377
173.500000 -0.599044
173.600000 -0.598711
173.700000 -0.598379
173.800000 -0.598047
173.900000 -0.597716
174.000000 -0.597385
174.100000 -0.597054
174.200000 -0.596724
174.300000 -0.596394
174.400000 -0.596065
174.500000 -0.595736
174.600000 -0.595408
174.700000 -0.595080
174.800000 -0.594752
174.900000 -0.594425
175.000000 -0.594098
175.100000 -0.593771
175.200000 -0.593445
175.300000 -0.593119
175.400000 -0.592794
175.500000 -0.592469
175.600000 -0.592144
175.700000 -0.591820
175.800000 -0.591497
175.900000 -0.591173
176.000000 -0.590850
176.100000 -0.590528
176.200000 -0.590206
176.300000 -0.589884
176.400000 -0.589562
176.500000 -0.589241
176.600000 -0.588921
176.700000 -0.588601
176.800000 -0.588281
176.900000 -0.587961
177.000000 -0.587642
177.100000 -0.587324
177.200000 -0.587005
177.300000 -0.586687
177.400000 -0.586370
177.500000 -0.586053
177.600000 -0.585736
177.700000 -0.585420
177.800000 -0.585104
177.900000 -0.584788
178.000000 -0.584473
178.100000 -0.584158
178.200000 -0.583843
178.300000 -0.583529
178.400000 -0.583216
178.500000 -0.582902
178.600000 -0.582589
178.700000 -0.582277
178.800000 -0.581964
178.900000 -0.581653
179.000000 -0.581341
179.100000 -0.581030
179.200000 -0.580719
179.300000 -0.580409
179.400000 -0.580099
179.500000 -0.579789
179.600000 -0.579480
179.700000 -0.579171
179.800000 -0.578863
179.900000 -0.578554
180.000000 -0.578247
180.100000 -0.577939
180.200000 -0.577632
180.300000 -0.577325
180.400000 -0.577019
180.500000 -0.576713
180.600000 -0.576407
180.700000 -0.576102
180.800000 -0.575797
180.900000 -0.575493
181.000000 -0.575189
181.100000 -0.574885
181.200000 -0.574581
181.300000 -0.574278
181.400000 -0.573976
181.500000 -0.573673
181.600000 -0.573371
181.700000 -0.573069
181.800000 -0.572768
181.900000 -0.572467
182.000000 -0.572167
182.100000 -0.571866
182.200000 -0.571566
182.300000 -0.571267
182.400000 -0.570968
182.500000 -0.570669
182.600000 -0.570370
182.700000 -0.570072
182.800000 -0.569774
182.900000 -0.569477
183.000000 -0.569180
183.100000 -0.568883
183.200000 -0.568587
183.300000 -0.568291
183.400000 -0.567995
183.500000 -0.567699
183.600000 -0.567404
183.700000 -0.567110
183.800000 -0.566815
183.900000 -0.566521
184.000000 -0.566228
184.100000 -0.565934
184.200000 -0.565641
184.300000 -0.565349
184.400000 -0.565056
184.500000 -0.564764
184.600000 -0.564473
184.700000 -0.564181
184.800000 -0.563891
184.900000 -0.563600
185.000000 -0.563310
185.100000 -0.563020
185.200000 -0.562730
185.300000 -0.562441
185.400000 -0.562152
185.500000 -0.561863
185.600000 -0.561575
185.700000 -0.561287
185.800000 -0.560999
185.900000 -0.560712
186.000000 -0.560425
186.100000 -0.560138
186.200000 -0.559852
186.300000 -0.559566
186.400000 -0.559280
186.500000 -0.558995
186.600000 -0.558710
186.700000 -0.558425
186.800000 -0.558141
186.900000 -0.557857
187.000000 -0.557573
187.100000 -0.557290
187.200000 -0.557007
187.300000 -0.556724
187.400000 -0.556442
187.500000 -0.556160
187.600000 -0.555878
187.700000 -0.555596
187.800000 -0.555315
187.900000 -0.555034
188.000000 -0.554754
188.100000 -0.554474
188.200000 -0.554194
188.300000 -0.553914
188.400000 -0.553635
188.500000 -0.553356
188.600000 -0.553077
188.700000 -0.552799
188.800000 -0.552521
188.900000 -0.552244
189.000000 -0.551966
189.100000 -0.551689
189.200000 -0.551412
189.300000 -0.551136
189.400000 -0.550860
189.500000 -0.550584
189.600000 -0.550309
189.700000 -0.550034
189.800000 -0.549759
189.900000 -0.549484
190.000000 -0.549210
190.100000 -0.548936
190.200000 -0.548662
190.300000 -0.548389
190.400000 -0.548116
190.500000 -0.547843
190.600000 -0.547571
190.700000 -0.547299
190.800000 -0.547027
190.900000 -0.546755
191.000000 -0.546484
191.100000 -0.546213
191.200000 -0.545943
191.300000 -0.545672
191.400000 -0.545402
191.500000 -0.545133
191.600000 -0.544863
191.700000 -0.544594
191.800000 -0.544325
191.900000 -0.544057
192.000000 -0.543789
192.100000 -0.543521
192.200000 -0.543253
192.300000 -0.542986
192.400000 -0.542719
192.500000 -0.542452
192.600000 -0.542186
192.700000 -0.541920
192.800000 -0.541654
192.900000 -0.541388
193.000000 -0.541123
193.100000 -0.540858
193.200000 -0.540593
193.300000 -0.540329
193.400000 -0.540065
193.500000 -0.539801
193.600000 -0.539538
193.700000 -0.539275
193.800000 -0.539012
193.900000 -0.538749
194.000000 -0.538487
194.100000 -0.538225
194.200000 -0.537963
194.300000 -0.537701
194.400000 -0.537440
194.500000 -0.537179
194.600000 -0.536919
194.700000 -0.536658
194.800000 -0.536398
194.900000 -0.536138
195.000000 -0.535879
195.100000 -0.535620
195.200000 -0.535361
195.300000 -0.535102
195.400000 -0.534844
195.500000 -0.534586
195.600000 -0.534328
195.700000 -0.534070
195.800000 -0.533813
195.900000 -0.533556
196.000000 -0.533299
196.100000 -0.533043
196.200000 -0.532787
196.300000 -0.532531
196.400000 -0.532275
196.500000 -0.532020
196.600000 -0.531765
196.700000 -0.531510
196.800000 -0.531256
196.900000 -0.531002
197.000000 -0.530748
197.100000 -0.530494
197.200000 -0.530241
197.300000 -0.529988
197.400000 -0.529735
197.500000 -0.529482
197.600000 -0.529230
197.700000 -0.528978
197.800000 -0.528726
197.900000 -0.528475
198.000000 -0.528224
198.100000 -0.527973
198.200000 -0.527722
198.300000 -0.527472
198.400000 -0.527221
198.500000 -0.526972
198.600000 -0.526722
198.700000 -0.526473
198.800000 -0.526224
198.900000 -0.525975
199.000000 -0.525726
199.100000 -0.525478
199.200000 -0.525230
199.300000 -0.524982
199.400000 -0.524735
199.500000 -0.524488
199.600000 -0.524241
199.700000 -0.523994
199.800000 -0.523747
199.900000 -0.523501
200.000000 -0.523255
200.100000 -0.523010
200.200000 -0.522764
200.300000 -0.522519
200.400000 -0.522274
200.500000 -0.522030
200.600000 -0.521786
200.700000 -0.521541
200.800000 -0.521298
200.900000 -0.521054
201.000000 -0.520811
201.100000 -0.520568
201.200000 -0.520325
201.300000 -0.520082
201.400000 -0.519840
201.500000 -0.519598
201.600000 -0.519356
201.700000 -0.519115
201.800000 -0.518873
201.900000 -0.518632
202.000000 -0.518392
202.100000 -0.518151
202.200000 -0.517911
202.300000 -0.517671
202.400000 -0.517431
202.500000 -0.517192
202.600000 -0.516952
202.700000 -0.516713
202.800000 -0.516475
202.900000 -0.516236
203.000000 -0.515998
203.100000 -0.515760
203.200000 -0.515522
203.300000 -0.515285
203.400000 -0.515047
203.500000 -0.514810
203.600000 -0.514574
203.700000 -0.514337
203.800000 -0.514101
203.900000 -0.513865
204.000000 -0.513629
204.100000 -0.513394
204.200000 -0.513158
204.300000 -0.512923
204.400000 -0.512688
204.500000 -0.512454
204.600000 -0.512220
204.700000 -0.511985
204.800000 -0.511752
204.900000 -0.511518
205.000000 -0.511285
205.100000 -0.511052
205.200000 -0.510819
205.300000 -0.510586
205.400000 -0.510354
205.500000 -0.510122
205.600000 -0.509890
205.700000 -0.509658
205.800000 -0.509427
205.900000 -0.509195
206.000000 -0.508964
206.100000 -0.508734
206.200000 -0.508503
206.300000 -0.508273
206.400000 -0.508043
206.500000 -0.507813
206.600000 -0.507584
206.700000 -0.507354
206.800000 -0.507125
206.900000 -0.506896
207.000000 -0.506668
207.100000 -0.506440
207.200000 -0.506211
207.300000 -0.505984
207.400000 -0.505756
207.500000 -0.505528
207.600000 -0.505301
207.700000 -0.505074
207.800000 -0.504848
207.900000 -0.504621
208.000000 -0.504395
208.100000 -0.504169
208.200000 -0.503943
208.300000 -0.503717
208.400000 -0.503492
208.500000 -0.503267
208.600000 -0.503042
208.700000 -0.502817
208.800000 -0.502593
208.900000 -0.502369
209.000000 -0.502145
209.100000 -0.501921
209.200000 -0.501697
209.300000 -0.501474
209.400000 -0.501251
209.500000 -0.501028
209.600000 -0.500806
209.700000 -0.500583
209.800000 -0.500361
209.900000 -0.500139
210.000000 -0.499917
210.100000 -0.499696
210.200000 -0.499474
210.300000 -0.499253
210.400000 -0.499033
210.500000 -0.498812
210.600000 -0.498592
210.700000 -0.498371
210.800000 -0.498151
210.900000 -0.497932
211.000000 -0.497712
211.100000 -0.497493
211.200000 -0.497274
211.300000 -0.497055
211.400000 -0.496836
211.500000 -0.496618
211.600000 -0.496400
211.700000 -0.496182
211.800000 -0.495964
211.900000 -0.495746
212.000000 -0.495529
212.100000 -0.495312
212.200000 -0.495095
212.300000 -0.494878
212.400000 -0.494662
212.500000 -0.494446
212.600000 -0.494230
212.700000 -0.494014
212.800000 -0.493798
212.900000 -0.493583
213.000000 -0.493368
213.100000 -0.493153
213.200000 -0.492938
213.300000 -0.492723
213.400000 -0.492509
213.500000 -0.492295
213.600000 -0.492081
213.700000 -0.491867
213.800000 -0.491654
213.900000 -0.491441
214.000000 -0.491228
214.100000 -0.491015
214.200000 -0.490802
214.300000 -0.490590
214.400000 -0.490378
214.500000 -0.490166
214.600000 -0.489954
214.700000 -0.489742
214.800000 -0.489531
214.900000 -0.489320
215.000000 -0.489109
215.100000 -0.488898
215.200000 -0.488687
215.300000 -0.488477
215.400000 -0.488267
215.500000 -0.488057
215.600000 -0.487847
215.700000 -0.487638
215.800000 -0.487428
215.900000 -0.487219
216.000000 -0.487010
216.100000 -0.486802
216.200000 -0.486593
216.300000 -0.486385
216.400000 -0.486177
216.500000 -0.485969
216.600000 -0.485761
216.700000 -0.485554
216.800000 -0.485346
216.900000 -0.485139
217.000000 -0.484933
217.100000 -0.484726
217.200000 -0.484519
217.300000 -0.484313
217.400000 -0.484107
217.500000 -0.483901
217.600000 -0.483696
217.700000 -0.483490
217.800000 -0.483285
217.900000 -0.483080
218.000000 -0.482875
218.100000 -0.482670
218.200000 -0.482466
218.300000 -0.482261
218.400000 -0.482057
218.500000 -0.481853
218.600000 -0.481650
218.700000 -0.481446
218.800000 -0.481243
218.900000 -0.481040
219.000000 -0.480837
219.100000 -0.480634
219.200000 -0.480432
219.300000 -0.480229
219.400000 -0.480027
219.500000 -0.479825
219.600000 -0.479624
219.700000 -0.479422
219.800000 -0.479221
219.900000 -0.479020
220.000000 -0.478819
220.100000 -0.478618
220.200000 -0.478417
220.300000 -0.478217
220.400000 -0.478017
220.500000 -0.477817
220.600000 -0.477617
220.700000 -0.477417
220.800000 -0.477218
220.900000 -0.477019
221.000000 -0.476820
221.100000 -0.476621
221.200000 -0.476422
221.300000 -0.476224
221.400000 -0.476025
221.500000 -0.475827
221.600000 -0.475629
221.700000 -0.475432
221.800000 -0.475234
221.900000 -0.475037
222.000000 -0.474840
222.100000 -0.474643
222.200000 -0.474446
222.300000 -0.474249
222.400000 -0.474053
222.500000 -0.473857
222.600000 -0.473661
222.700000 -0.473465
222.800000 -0.473269
222.900000 -0.473074
223.000000 -0.472878
223.100000 -0.472683
223.200000 -0.472488
223.300000 -0.472294
223.400000 -0.472099
223.500000 -0.471905
223.600000 -0.471710
223.700000 -0.471516
223.800000 -0.471323
223.900000 -0.471129
224.000000 -0.470935
224.100000 -0.470742
224.200000 -0.470549
224.300000 -0.470356
224.400000 -0.470163
224.500000 -0.469971
224.600000 -0.469779
224.700000 -0.469586
224.800000 -0.469394
224.900000 -0.469203
225.000000 -0.469011
225.100000 -0.468819
225.200000 -0.468628
225.300000 -0.468437
225.400000 -0.468246
225.500000 -0.468055
225.600000 -0.467865
225.700000 -0.467674
225.800000 -0.467484
225.900000 -0.467294
226.000000 -0.467104
226.100000 -0.466915
226.200000 -0.466725
226.300000 -0.466536
226.400000 -0.466347
226.500000 -0.466158
226.600000 -0.465969
226.700000 -0.465780
226.800000 -0.465592
226.900000 -0.465403
227.000000 -0.465215
227.100000 -0.465027
227.200000 -0.464840
227.300000 -0.464652
227.400000 -0.464465
227.500000 -0.464277
227.600000 -0.464090
227.700000 -0.463903
227.800000 -0.463717
227.900000 -0.463530
228.000000 -0.463344
228.100000 -0.463158
228.200000 -0.462971
228.300000 -0.462786
228.400000 -0.462600
228.500000 -0.462414
228.600000 -0.462229
228.700000 -0.462044
228.800000 -0.461859
228.900000 -0.461674
229.000000 -0.461489
229.100000 -0.461305
229.200000 -0.461121
229.300000 -0.460936
229.400000 -0.460752
229.500000 -0.460569
229.600000 -0.460385
229.700000 -0.460202
229.800000 -0.460018
229.900000 -0.459835
230.000000 -0.459652
230.100000 -0.459469
230.200000 -0.459287
230.300000 -0.459104
230.400000 -0.458922
230.500000 -0.458740
230.600000 -0.458558
230.700000 -0.458376
230.800000 -0.458194
230.900000 -0.458013
231.000000 -0.457832
231.100000 -0.457650
231.200000 -0.457469
231.300000 -0.457289
231.400000 -0.457108
231.500000 -0.456927
231.600000 -0.456747
231.700000 -0.456567
231.800000 -0.456387
231.900000 -0.456207
232.000000 -0.456028
232.100000 -0.455848
232.200000 -0.455669
232.300000 -0.455489
232.400000 -0.455310
232.500000 -0.455132
232.600000 -0.454953
232.700000 -0.454774
232.800000 -0.454596
232.900000 -0.454418
233.000000 -0.454240
233.100000 -0.454062
233.200000 -0.453884
233.300000 -0.453707
233.400000 -0.453529
233.500000 -0.453352
233.600000 -0.453175
233.700000 -0.452998
233.800000 -0.452821
233.900000 -0.452645
234.000000 -0.452468
234.100000 -0.452292
234.200000 -0.452116
234.300000 -0.451940
234.400000 -0.451764
234.500000 -0.451588
234.600000 -0.451413
234.700000 -0.451237
234.800000 -0.451062
234.900000 -0.450887
235.000000 -0.450712
235.100000 -0.450538
235.200000 -0.450363
235.300000 -0.450189
235.400000 -0.450014
235.500000 -0.449840
235.600000 -0.449666
235.700000 -0.449493
235.800000 -0.449319
235.900000 -0.449145
236.000000 -0.448972
236.100000 -0.448799
236.200000 -0.448626
236.300000 -0.448453
236.400000 -0.448280
236.500000 -0.448108
236.600000 -0.447935
236.700000 -0.447763
236.800000 -0.447591
236.900000 -0.447419
237.000000 -0.447247
237.100000 -0.447076
237.200000 -0.446904
237.300000 -0.446733
237.400000 -0.446562
237.500000 -0.446391
237.600000 -0.446220
237.700000 -0.446049
237.800000 -0.445879
237.900000 -0.445708
238.000000 -0.445538
238.100000 -0.445368
238.200000 -0.445198
238.300000 -0.445028
238.400000 -0.444858
238.500000 -0.444689
238.600000 -0.444519
238.700000 -0.444350
238.800000 -0.444181
238.900000 -0.444012
239.000000 -0.443843
239.100000 -0.443675
239.200000 -0.443506
239.300000 -0.443338
239.400000 -0.443170
239.500000 -0.443002
239.600000 -0.442834
239.700000 -0.442666
239.800000 -0.442499
239.900000 -0.442331
240.000000 -0.442164
240.100000 -0.441997
240.200000 -0.441830
240.300000 -0.441663
240.400000 -0.441496
240.500000 -0.441330
240.600000 -0.441163
240.700000 -0.440997
240.800000 -0.440831
240.900000 -0.440665
241.000000 -0.440499
241.100000 -0.440333
241.200000 -0.440168
241.300000 -0.440002
241.400000 -0.439837
241.500000 -0.439672
241.600000 -0.439507
241.700000 -0.439342
241.800000 -0.439177
241.900000 -0.439013
242.000000 -0.438848
242.100000 -0.438684
242.200000 -0.438520
242.300000 -0.438356
242.400000 -0.438192
242.500000 -0.438028
242.600000 -0.437865
242.700000 -0.437701
242.800000 -0.437538
242.900000 -0.437375
243.000000 -0.437212
243.100000 -0.437049
243.200000 -0.436886
243.300000 -0.436724
243.400000 -0.436562
243.500000 -0.436399
243.600000 -0.436237
243.700000 -0.436075
243.800000 -0.435913
243.900000 -0.435751
244.000000 -0.435590
244.100000 -0.435428
244.200000 -0.435267
244.300000 -0.435106
244.400000 -0.434945
244.500000 -0.434784
244.600000 -0.434623
244.700000 -0.434463
244.800000 -0.434302
244.900000 -0.434142
245.000000 -0.433982
245.100000 -0.433822
245.200000 -0.433662
245.300000 -0.433502
245.400000 -0.433342
245.500000 -0.433183
245.600000 -0.433023
245.700000 -0.432864
245.800000 -0.432705
245.900000 -0.432546
246.000000 -0.432387
246.100000 -0.432228
246.200000 -0.432070
246.300000 -0.431911
246.400000 -0.431753
246.500000 -0.431595
246.600000 -0.431437
246.700000 -0.431279
246.800000 -0.431121
246.900000 -0.430964
247.000000 -0.430806
247.100000 -0.430649
247.200000 -0.430491
247.300000 -0.430334
247.400000 -0.430177
247.500000 -0.430021
247.600000 -0.429864
247.700000 -0.429707
247.800000 -0.429551
247.900000 -0.429395
248.000000 -0.429238
248.100000 -0.429082
248.200000 -0.428926
248.300000 -0.428771
248.400000 -0.428615
248.500000 -0.428460
248.600000 -0.428304
248.700000 -0.428149
248.800000 -0.427994
248.900000 -0.427839
249.000000 -0.427684
249.100000 -0.427529
249.200000 -0.427375
249.300000 -0.427220
249.400000 -0.427066
249.500000 -0.426912
249.600000 -0.426758
249.700000 -0.426604
249.800000 -0.426450
249.900000 -0.426296
250.000000 -0.426143
250.100000 -0.425989
250.200000 -0.425836
250.300000 -0.425683
250.400000 -0.425530
250.500000 -0.425377
250.600000 -0.425224
250.700000 -0.425071
250.800000 -0.424919
250.900000 -0.424766
251.000000 -0.424614
251.100000 -0.424462
251.200000 -0.424310
251.300000 -0.424158
251.400000 -0.424006
251.500000 -0.423855
251.600000 -0.423703
251.700000 -0.423552
251.800000 -0.423400
251.900000 -0.423249
252.000000 -0.423098
252.100000 -0.422947
252.200000 -0.422797
252.300000 -0.422646
252.400000 -0.422495
252.500000 -0.422345
252.600000 -0.422195
252.700000 -0.422045
252.800000 -0.421895
252.900000 -0.421745
253.000000 -0.421595
253.100000 -0.421445
253.200000 -0.421296
253.300000 -0.421146
253.400000 -0.420997
253.500000 -0.420848
253.600000 -0.420699
253.700000 -0.420550
253.800000 -0.420401
253.900000 -0.420253
254.000000 -0.420104
254.100000 -0.419956
254.200000 -0.419808
254.300000 -0.419659
254.400000 -0.419511
254.500000 -0.419363
254.600000 -0.419216
254.700000 -0.419068
254.800000 -0.418920
254.900000 -0.418773
255.000000 -0.418626
255.100000 -0.418478
255.200000 -0.418331
255.300000 -0.418184
255.400000 -0.418038
255.500000 -0.417891
255.600000 -0.417744
255.700000 -0.417598
255.800000 -0.417451
255.900000 -0.417305
256.000000 -0.417159
256.100000 -0.417013
256.200000 -0.416867
256.300000 -0.416722
256.400000 -0.416576
256.500000 -0.416430
256.600000 -0.416285
256.700000 -0.416140
256.800000 -0.415995
256.900000 -0.415850
257.000000 -0.415705
257.100000 -0.415560
257.200000 -0.415415
257.300000 -0.415271
257.400000 -0.415126
257.500000 -0.414982
257.600000 -0.414838
257.700000 -0.414693
257.800000 -0.414549
257.900000 -0.414406
258.000000 -0.414262
258.100000 -0.414118
258.200000 -0.413975
258.300000 -0.413831
258.400000 -0.413688
258.500000 -0.413545
258.600000 -0.413402
258.700000 -0.413259
258.800000 -0.413116
258.900000 -0.412973
259.000000 -0.412831
259.100000 -0.412688
259.200000 -0.412546
259.300000 -0.412404
259.400000 -0.412262
259.500000 -0.412120
259.600000 -0.411978
259.700000 -0.411836
259.800000 -0.411694
259.900000 -0.411553
260.000000 -0.411411
260.100000 -0.411270
260.200000 -0.411129
260.300000 -0.410988
260.400000 -0.410847
260.500000 -0.410706
260.600000 -0.410565
260.700000 -0.410424
260.800000 -0.410284
260.900000 -0.410143
261.000000 -0.410003
261.100000 -0.409863
261.200000 -0.409723
261.300000 -0.409583
261.400000 -0.409443
261.500000 -0.409303
261.600000 -0.409164
261.700000 -0.409024
261.800000 -0.408885
261.900000 -0.408745
262.000000 -0.408606
262.100000 -0.408467
262.200000 -0.408328
262.300000 -0.408189
262.400000 -0.408051
262.500000 -0.407912
262.600000 -0.407773
262.700000 -0.407635
262.800000 -0.407497
262.900000 -0.407358
263.000000 -0.407220
263.100000 -0.407082
263.200000 -0.406945
263.300000 -0.406807
263.400000 -0.406669
263.500000 -0.406532
263.600000 -0.406394
263.700000 -0.406257
263.800000 -0.406120
263.900000 -0.405983
264.000000 -0.405846
264.100000 -0.405709
264.200000 -0.405572
264.300000 -0.405435
264.400000 -0.405299
264.500000 -0.405162
264.600000 -0.405026
264.700000 -0.404890
264.800000 -0.404753
264.900000 -0.404617
265.000000 -0.404482
265.100000 -0.404346
265.200000 -0.404210
265.300000 -0.404074
265.400000 -0.403939
265.500000 -0.403804
265.600000 -0.403668
265.700000 -0.403533
265.800000 -0.403398
265.900000 -0.403263
266.000000 -0.403128
266.100000 -0.402994
266.200000 -0.402859
266.300000 -0.402724
266.400000 -0.402590
266.500000 -0.402456
266.600000 -0.402321
266.700000 -0.402187
266.800000 -0.402053
266.900000 -0.401919
267.000000 -0.401786
267.100000 -0.401652
267.200000 -0.401518
267.300000 -0.401385
267.400000 -0.401252
267.500000 -0.401118
267.600000 -0.400985
267.700000 -0.400852
267.800000 -0.400719
267.900000 -0.400586
268.000000 -0.400453
268.100000 -0.400321
268.200000 -0.400188
268.300000 -0.400056
268.400000 -0.399924
268.500000 -0.399791
268.600000 -0.399659
268.700000 -0.399527
268.800000 -0.399395
268.900000 -0.399263
269.000000 -0.399132
269.100000 -0.399000
269.200000 -0.398869
269.300000 -0.398737
269.400000 -0.398606
269.500000 -0.398475
269.600000 -0.398343
269.700000 -0.398212
269.800000 -0.398082
269.900000 -0.397951
270.000000 -0.397820
270.100000 -0.397689
270.200000 -0.397559
270.300000 -0.397429
270.400000 -0.397298
270.500000 -0.397168
270.600000 -0.397038
270.700000 -0.396908
270.800000 -0.396778
270.900000 -0.396648
271.000000 -0.396519
271.100000 -0.396389
271.200000 -0.396259
271.300000 -0.396130
271.400000 -0.396001
271.500000 -0.395872
271.600000 -0.395742
271.700000 -0.395613
271.800000 -0.395485
271.900000 -0.395356
272.000000 -0.395227
272.100000 -0.395098
272.200000 -0.394970
272.300000 -0.394842
272.400000 -0.394713
272.500000 -0.394585
272.600000 -0.394457
272.700000 -0.394329
272.800000 -0.394201
272.900000 -0.394073
273.000000 -0.393945
273.100000 -0.393818
273.200000 -0.393690
273.300000 -0.393563
273.400000 -0.393436
273.500000 -0.393308
273.600000 -0.393181
273.700000 -0.393054
273.800000 -0.392927
273.900000 -0.392800
274.000000 -0.392674
274.100000 -0.392547
274.200000 -0.392420
274.300000 -0.392294
274.400000 -0.392168
274.500000 -0.392041
274.600000 -0.391915
274.700000 -0.391789
274.800000 -0.391663
274.900000 -0.391537
275.000000 -0.391411
275.100000 -0.391286
275.200000 -0.391160
275.300000 -0.391035
275.400000 -0.390909
275.500000 -0.390784
275.600000 -0.390659
275.700000 -0.390534
275.800000 -0.390409
275.900000 -0.390284
276.000000 -0.390159
276.100000 -0.390034
276.200000 -0.389909
276.300000 -0.389785
276.400000 -0.389660
276.500000 -0.389536
276.600000 -0.389412
276.700000 -0.389288
276.800000 -0.389163
276.900000 -0.389039
277.000000 -0.388916
277.100000 -0.388792
277.200000 -0.388668
277.300000 -0.388544
277.400000 -0.388421
277.500000 -0.388298
277.600000 -0.388174
277.700000 -0.388051
277.800000 -0.387928
277.900000 -0.387805
278.000000 -0.387682
278.100000 -0.387559
278.200000 -0.387436
278.300000 -0.387313
278.400000 -0.387191
278.500000 -0.387068
278.600000 -0.386946
278.700000 -0.386824
278.800000 -0.386701
278.900000 -0.386579
279.000000 -0.386457
279.100000 -0.386335
279.200000 -0.386213
279.300000 -0.386091
279.400000 -0.385970
279.500000 -0.385848
279.600000 -0.385727
279.700000 -0.385605
279.800000 -0.385484
279.900000 -0.385363
280.000000 -0.385242
280.100000 -0.385121
280.200000 -0.385000
280.300000 -0.384879
280.400000 -0.384758
280.500000 -0.384637
280.600000 -0.384517
280.700000 -0.384396
280.800000 -0.384276
280.900000 -0.384155
281.000000 -0.384035
281.100000 -0.383915
281.200000 -0.383795
281.300000 -0.383675
281.400000 -0.383555
281.500000 -0.383435
281.600000 -0.383315
281.700000 -0.383196
281.800000 -0.383076
281.900000 -0.382957
282.000000 -0.382838
282.100000 -0.382718
282.200000 -0.382599
282.300000 -0.382480
282.400000 -0.382361
282.500000 -0.382242
282.600000 -0.382123
282.700000 -0.382004
282.800000 -0.381886
282.900000 -0.381767
283.000000 -0.381649
283.100000 -0.381530
283.200000 -0.381412
283.300000 -0.381294
283.400000 -0.381176
283.500000 -0.381058
283.600000 -0.380940
283.700000 -0.380822
283.800000 -0.380704
283.900000 -0.380586
284.000000 -0.380469
284.100000 -0.380351
284.200000 -0.380234
284.300000 -0.380116
284.400000 -0.379999
284.500000 -0.379882
284.600000 -0.379765
284.700000 -0.379648
284.800000 -0.379531
284.900000 -0.379414
285.000000 -0.379297
285.100000 -0.379181
285.200000 -0.379064
285.300000 -0.378948
285.400000 -0.378831
285.500000 -0.378715
285.600000 -0.378599
285.700000 -0.378483
285.800000 -0.378366
285.900000 -0.378250
286.000000 -0.378135
286.100000 -0.378019
286.200000 -0.377903
286.300000 -0.377787
286.400000 -0.377672
286.500000 -0.377556
286.600000 -0.377441
286.700000 -0.377326
286.800000 -0.377210
286.900000 -0.377095
287.000000 -0.376980
287.100000 -0.376865
287.200000 -0.376750
287.300000 -0.376635
287.400000 -0.376521
287.500000 -0.376406
287.600000 -0.376292
287.700000 -0.376177
287.800000 -0.376063
287.900000 -0.375948
288.000000 -0.375834
288.100000 -0.375720
288.200000 -0.375606
288.300000 -0.375492
288.400000 -0.375378
288.500000 -0.375264
288.600000 -0.375150
288.700000 -0.375037
288.800000 -0.374923
288.900000 -0.374810
289.000000 -0.374696
289.100000 -0.374583
289.200000 -0.374470
289.300000 -0.374357
289.400000 -0.374243
289.500000 -0.374130
289.600000 -0.374018
289.700000 -0.373905
289.800000 -0.373792
289.900000 -0.373679
290.000000 -0.373567
290.100000 -0.373454
290.200000 -0.373342
290.300000 -0.373229
290.400000 -0.373117
290.500000 -0.373005
290.600000 -0.372893
290.700000 -0.372781
290.800000 -0.372669
290.900000 -0.372557
291.000000 -0.372445
291.100000 -0.372333
291.200000 -0.372222
291.300000 -0.372110
291.400000 -0.371999
291.500000 -0.371887
291.600000 -0.371776
291.700000 -0.371665
291.800000 -0.371554
291.900000 -0.371443
292.000000 -0.371332
292.100000 -0.371221
292.200000 -0.371110
292.300000 -0.370999
292.400000 -0.370888
292.500000 -0.370778
292.600000 -0.370667
292.700000 -0.370557
292.800000 -0.370447
292.900000 -0.370336
293.000000 -0.370226
293.100000 -0.370116
293.200000 -0.370006
293.300000 -0.369896
293.400000 -0.369786
293.500000 -0.369676
293.600000 -0.369566
293.700000 -0.369457
293.800000 -0.369347
293.900000 -0.369238
294.000000 -0.369128
294.100000 -0.369019
294.200000 -0.368910
294.300000 -0.368800
294.400000 -0.368691
294.500000 -0.368582
294.600000 -0.368473
294.700000 -0.368364
294.800000 -0.368256
294.900000 -0.368147
295.000000 -0.368038
295.100000 -0.367930
295.200000 -0.367821
295.300000 -0.367713
295.400000 -0.367604
295.500000 -0.367496
295.600000 -0.367388
295.700000 -0.367280
295.800000 -0.367172
295.900000 -0.367064
296.000000 -0.366956
296.100000 -0.366848
296.200000 -0.366740
296.300000 -0.366633
296.400000 -0.366525
296.500000 -0.366418
296.600000 -0.366310
296.700000 -0.366203
296.800000 -0.366095
296.900000 -0.365988
297.000000 -0.365881
297.100000 -0.365774
297.200000 -0.365667
297.300000 -0.365560
297.400000 -0.365453
297.500000 -0.365346
297.600000 -0.365240
297.700000 -0.365133
297.800000 -0.365027
297.900000 -0.364920
298.000000 -0.364814
298.100000 -0.364707
298.200000 -0.364601
298.300000 -0.364495
298.400000 -0.364389
298.500000 -0.364283
298.600000 -0.364177
298.700000 -0.364071
298.800000 -0.363965
298.900000 -0.363860
299.000000 -0.363754
299.100000 -0.363648
299.200000 -0.363543
299.300000 -0.363437
299.400000 -0.363332
299.500000 -0.363227
299.600000 -0.363122
299.700000 -0.363016
299.800000 -0.362911
299.900000 -0.362806
300.000000 -0.362701
300.100000 -0.362597
300.200000 -0.362492
300.300000 -0.362387
300.400000 -0.362282
300.500000 -0.362178
300.600000 -0.362073
300.700000 -0.361969
300.800000 -0.361865
300.900000 -0.361760
301.000000 -0.361656
301.100000 -0.361552
301.200000 -0.361448
301.300000 -0.361240
301.400000 -0.361136
301.500000 -0.361033
301.600000 -0.360929
301.700000 -0.360825
301.800000 -0.360722
301.900000 -0.360618
302.000000 -0.360515
302.100000 -0.360411
302.200000 -0.360308
302.300000 -0.360205
302.400000 -0.360102
302.500000 -0.359999
302.600000 -0.359896
302.700000 -0.359793
302.800000 -0.359690
302.900000 -0.359587
303.000000 -0.359485
303.100000 -0.359382
303.200000 -0.359279
303.300000 -0.359177
303.400000 -0.359074
303.500000 -0.358972
303.600000 -0.358870
303.700000 -0.358768
303.800000 -0.358665
303.900000 -0.358563
304.000000 -0.358461
304.100000 -0.358359
304.200000 -0.358258
304.300000 -0.358156
304.400000 -0.358054
304.500000 -0.357952
304.600000 -0.357851
304.700000 -0.357749
304.800000 -0.357648
304.900000 -0.357547
305.000000 -0.357445
305.100000 -0.357344
305.200000 -0.357243
305.300000 -0.357142
305.400000 -0.357041
305.500000 -0.356940
305.600000 -0.356839
305.700000 -0.356738
305.800000 -0.356637
305.900000 -0.356537
306.000000 -0.356436
306.100000 -0.356335
306.200000 -0.356235
306.300000 -0.356134
306.400000 -0.356034
306.500000 -0.355934
306.600000 -0.355834
306.700000 -0.355733
306.800000 -0.355633
306.900000 -0.355533
307.000000 -0.355433
307.100000 -0.355334
307.200000 -0.355234
307.300000 -0.355134
307.400000 -0.355034
307.500000 -0.354935
307.600000 -0.354835
307.700000 -0.354736
307.800000 -0.354636
307.900000 -0.354537
308.000000 -0.354438
308.100000 -0.354339
308.200000 -0.354239
308.300000 -0.354140
308.400000 -0.354041
308.500000 -0.353942
308.600000 -0.353844
308.700000 -0.353745
308.800000 -0.353646
308.900000 -0.353547
309.000000 -0.353449
309.100000 -0.353350
309.200000 -0.353252
309.300000 -0.353153
309.400000 -0.353055
309.500000 -0.352957
309.600000 -0.352859
309.700000 -0.352760
309.800000 -0.352662
309.900000 -0.352564
310.000000 -0.352466
310.100000 -0.352369
310.200000 -0.352271
310.300000 -0.352173
310.400000 -0.352075
310.500000 -0.351978
310.600000 -0.351880
310.700000 -0.351783
310.800000 -0.351685
310.900000 -0.351588
311.000000 -0.351491
311.100000 -0.351393
311.200000 -0.351296
311.300000 -0.351199
311.400000 -0.351102
311.500000 -0.351005
311.600000 -0.350908
311.700000 -0.350811
311.800000 -0.350715
311.900000 -0.350618
312.000000 -0.350521
312.100000 -0.350425
312.200000 -0.350328
312.300000 -0.350232
312.400000 -0.350135
312.500000 -0.350039
312.600000 -0.349943
312.700000 -0.349847
312.800000 -0.349750
312.900000 -0.349654
313.000000 -0.349558
313.100000 -0.349462
313.200000 -0.349367
313.300000 -0.349271
313.400000 -0.349175
313.500000 -0.349079
313.600000 -0.348984
313.700000 -0.348888
313.800000 -0.348793
313.900000 -0.348697
314.000000 -0.348602
314.100000 -0.348507
314.200000 -0.348411
314.300000 -0.348316
314.400000 -0.348221
314.500000 -0.348126
314.600000 -0.348031
314.700000 -0.347936
314.800000 -0.347841
314.900000 -0.347746
315.000000 -0.347652
315.100000 -0.347557
315.200000 -0.347462
315.300000 -0.347368
315.400000 -0.347273
315.500000 -0.347179
315.600000 -0.347085
315.700000 -0.346990
315.800000 -0.346896
315.900000 -0.346802
316.000000 -0.346708
316.100000 -0.346614
316.200000 -0.346520
316.300000 -0.346426
316.400000 -0.346332
316.500000 -0.346238
316.600000 -0.346144
316.700000 -0.346051
316.800000 -0.345957
316.900000 -0.345863
317.000000 -0.345770
317.100000 -0.345676
317.200000 -0.345583
317.300000 -0.345490
317.400000 -0.345396
317.500000 -0.345303
317.600000 -0.345210
317.700000 -0.345117
317.800000 -0.345024
317.900000 -0.344931
318.000000 -0.344838
318.100000 -0.344745
318.200000 -0.344653
318.300000 -0.344560
318.400000 -0.344467
318.500000 -0.344375
318.600000 -0.344282
318.700000 -0.344190
318.800000 -0.344097
318.900000 -0.344005
319.000000 -0.343913
319.100000 -0.343820
319.200000 -0.343728
319.300000 -0.343636
319.400000 -0.343544
319.500000 -0.343452
319.600000 -0.343360
319.700000 -0.343268
319.800000 -0.343176
319.900000 -0.343085
320.000000 -0.342993
320.100000 -0.342901
320.200000 -0.342810
320.300000 -0.342718
320.400000 -0.342627
320.500000 -0.342535
320.600000 -0.342444
320.700000 -0.342353
320.800000 -0.342262
320.900000 -0.342170
321.000000 -0.342079
321.100000 -0.341988
321.200000 -0.341897
321.300000 -0.341806
321.400000 -0.341715
321.500000 -0.341625
321.600000 -0.341534
321.700000 -0.341443
321.800000 -0.341353
321.900000 -0.341262
322.000000 -0.341171
322.100000 -0.341081
322.200000 -0.340991
322.300000 -0.340900
322.400000 -0.340810
322.500000 -0.340720
322.600000 -0.340630
322.700000 -0.340539
322.800000 -0.340449
322.900000 -0.340359
323.000000 -0.340270
323.100000 -0.340180
323.200000 -0.340090
323.300000 -0.340000
323.400000 -0.339910
323.500000 -0.339821
323.600000 -0.339731
323.700000 -0.339642
323.800000 -0.339552
323.900000 -0.339463
324.000000 -0.339373
324.100000 -0.339284
324.200000 -0.339195
324.300000 -0.339106
324.400000 -0.339016
324.500000 -0.338927
324.600000 -0.338838
324.700000 -0.338749
324.800000 -0.338660
324.900000 -0.338572
325.000000 -0.338483
325.100000 -0.338394
325.200000 -0.338305
325.300000 -0.338217
325.400000 -0.338128
325.500000 -0.338040
325.600000 -0.337951
325.700000 -0.337863
325.800000 -0.337775
325.900000 -0.337686
326.000000 -0.337598
326.100000 -0.337510
326.200000 -0.337422
326.300000 -0.337334
326.400000 -0.337246
326.500000 -0.337158
326.600000 -0.337070
326.700000 -0.336982
326.800000 -0.336894
326.900000 -0.336807
327.000000 -0.336719
327.100000 -0.336631
327.200000 -0.336544
327.300000 -0.336456
327.400000 -0.336369
327.500000 -0.336281
327.600000 -0.336194
327.700000 -0.336107
327.800000 -0.336019
327.900000 -0.335932
328.000000 -0.335845
328.100000 -0.335758
328.200000 -0.335671
328.300000 -0.335584
328.400000 -0.335497
328.500000 -0.335410
328.600000 -0.335324
328.700000 -0.335237
328.800000 -0.335150
328.900000 -0.335064
329.000000 -0.334977
329.100000 -0.334891
329.200000 -0.334804
329.300000 -0.334718
329.400000 -0.334631
329.500000 -0.334545
329.600000 -0.334459
329.700000 -0.334373
329.800000 -0.334286
329.900000 -0.334200
330.000000 -0.334114
330.100000 -0.334028
330.200000 -0.333942
330.300000 -0.333857
330.400000 -0.333771
330.500000 -0.333685
330.600000 -0.333599
330.700000 -0.333514
330.800000 -0.333428
330.900000 -0.333343
331.000000 -0.333257
331.100000 -0.333172
331.200000 -0.333086
331.300000 -0.333001
331.400000 -0.332916
331.500000 -0.332830
331.600000 -0.332745
331.700000 -0.332660
331.800000 -0.332575
331.900000 -0.332490
332.000000 -0.332405
332.100000 -0.332320
332.200000 -0.332235
332.300000 -0.332151
332.400000 -0.332066
332.500000 -0.331981
332.600000 -0.331896
332.700000 -0.331812
332.800000 -0.331727
332.900000 -0.331643
333.000000 -0.331558
333.100000 -0.331474
333.200000 -0.331390
333.300000 -0.331306
333.400000 -0.331221
333.500000 -0.331137
333.600000 -0.331053
333.700000 -0.330969
333.800000 -0.330885
333.900000 -0.330801
334.000000 -0.330717
334.100000 -0.330633
334.200000 -0.330549
334.300000 -0.330466
334.400000 -0.330382
334.500000 -0.330298
334.600000 -0.330215
334.700000 -0.330131
334.800000 -0.330048
334.900000 -0.329964
335.000000 -0.329881
335.100000 -0.329798
335.200000 -0.329714
335.300000 -0.329631
335.400000 -0.329548
335.500000 -0.329465
335.600000 -0.329382
335.700000 -0.329299
335.800000 -0.329216
335.900000 -0.329133
336.000000 -0.329050
336.100000 -0.328967
336.200000 -0.328884
336.300000 -0.328802
336.400000 -0.328719
336.500000 -0.328636
336.600000 -0.328554
336.700000 -0.328471
336.800000 -0.328389
336.900000 -0.328306
337.000000 -0.328224
337.100000 -0.328142
337.200000 -0.328059
337.300000 -0.327977
337.400000 -0.327895
337.500000 -0.327813
337.600000 -0.327731
337.700000 -0.327649
337.800000 -0.327567
337.900000 -0.327485
338.000000 -0.327403
338.100000 -0.327321
338.200000 -0.327239
338.300000 -0.327158
338.400000 -0.327076
338.500000 -0.326994
338.600000 -0.326913
338.700000 -0.326831
338.800000 -0.326750
338.900000 -0.326669
339.000000 -0.326587
339.100000 -0.326506
339.200000 -0.326425
339.300000 -0.326343
339.400000 -0.326262
339.500000 -0.326181
339.600000 -0.326100
339.700000 -0.326019
339.800000 -0.325938
339.900000 -0.325857
340.000000 -0.325776
340.100000 -0.325695
340.200000 -0.325615
340.300000 -0.325534
340.400000 -0.325453
340.500000 -0.325373
340.600000 -0.325292
340.700000 -0.325212
340.800000 -0.325131
340.900000 -0.325051
341.000000 -0.324970
341.100000 -0.324890
341.200000 -0.324810
341.300000 -0.324729
341.400000 -0.324649
341.500000 -0.324569
341.600000 -0.324489
341.700000 -0.324409
341.800000 -0.324329
341.900000 -0.324249
342.000000 -0.324169
342.100000 -0.324089
342.200000 -0.324010
342.300000 -0.323930
342.400000 -0.323850
342.500000 -0.323770
342.600000 -0.323691
342.700000 -0.323611
342.800000 -0.323532
342.900000 -0.323452
343.000000 -0.323373
343.100000 -0.323294
343.200000 -0.323214
343.300000 -0.323135
343.400000 -0.323056
343.500000 -0.322977
343.600000 -0.322898
343.700000 -0.322818
343.800000 -0.322739
343.900000 -0.322660
344.000000 -0.322581
344.100000 -0.322503
344.200000 -0.322424
344.300000 -0.322345
344.400000 -0.322266
344.500000 -0.322188
344.600000 -0.322109
344.700000 -0.322030
344.800000 -0.321952
344.900000 -0.321873
345.000000 -0.321795
345.100000 -0.321716
345.200000 -0.321638
345.300000 -0.321560
345.400000 -0.321481
345.500000 -0.321403
345.600000 -0.321325
345.700000 -0.321247
345.800000 -0.321169
345.900000 -0.321091
346.000000 -0.321013
346.100000 -0.320935
346.200000 -0.320857
346.300000 -0.320779
346.400000 -0.320701
346.500000 -0.320623
346.600000 -0.320546
346.700000 -0.320468
346.800000 -0.320390
346.900000 -0.320313
347.000000 -0.320235
347.100000 -0.320158
347.200000 -0.320080
347.300000 -0.320003
347.400000 -0.319926
347.500000 -0.319848
347.600000 -0.319771
347.700000 -0.319694
347.800000 -0.319617
347.900000 -0.319540
348.000000 -0.319463
348.100000 -0.319386
348.200000 -0.319309
348.300000 -0.319232
348.400000 -0.319155
348.500000 -0.319078
348.600000 -0.319001
348.700000 -0.318924
348.800000 -0.318848
348.900000 -0.318771
349.000000 -0.318694
349.100000 -0.318618
349.200000 -0.318541
349.300000 -0.318465
349.400000 -0.318388
349.500000 -0.318312
349.600000 -0.318236
349.700000 -0.318159
349.800000 -0.318083
349.900000 -0.318007
