1.000000 -6.100222
1.100000 -6.557540
1.200000 -6.931709
1.300000 -7.334250
1.400000 -7.674862
1.500000 -7.989414
1.600000 -8.262027
1.700000 -8.500562
1.800000 -8.701788
1.900000 -8.880656
2.000000 -9.018558
2.100000 -9.142670
2.200000 -9.254962
2.300000 -9.330909
2.400000 -9.400252
2.500000 -9.435817
2.600000 -9.468536
2.700000 -9.498738
2.800000 -9.499763
2.900000 -9.500714
3.000000 -9.475848
3.100000 -9.452640
3.200000 -9.430929
3.300000 -9.387531
3.400000 -9.346764
3.500000 -9.287588
3.600000 -9.231794
3.700000 -9.179100
3.800000 -9.111292
3.900000 -9.047053
4.000000 -8.970328
4.100000 -8.897440
4.200000 -8.828107
4.300000 -8.748657
4.400000 -8.672902
4.500000 -8.588950
4.600000 -8.508729
4.700000 -8.431996
4.800000 -8.431996
4.900000 -8.348677
5.000000 -8.268829
5.100000 -8.183727
5.200000 -8.102028
5.300000 -8.023533
5.400000 -7.940850
5.500000 -7.861287
5.600000 -7.778441
5.700000 -7.698607
5.800000 -7.621625
5.900000 -7.542049
6.000000 -7.465217
6.100000 -7.386400
6.200000 -7.310210
6.300000 -7.236518
6.400000 -7.161287
6.500000 -7.088444
6.600000 -7.014472
6.700000 -8.037819
6.800000 -7.686848
6.900000 -7.569546
7.000000 -7.510838
7.100000 -7.335146
7.200000 -7.332049
7.300000 -7.112223
7.400000 -7.001332
7.500000 -6.733663
7.600000 -6.675581
7.700000 -6.500566
7.800000 -6.385572
7.900000 -6.312010
8.000000 -6.176040
8.100000 -6.072728
8.200000 -5.973828
8.300000 -5.847847
8.400000 -5.759194
8.500000 -5.625840
8.600000 -5.528721
8.700000 -5.427829
8.800000 -5.323901
8.900000 -5.243899
9.000000 -5.139042
9.100000 -5.049136
9.200000 -4.962335
9.300000 -4.870511
9.400000 -4.799883
9.500000 -4.712015
9.600000 -4.638407
9.700000 -4.565133
9.800000 -4.491587
9.900000 -4.430719
10.000000 -4.356260
10.100000 -4.296918
10.200000 -4.234801
10.300000 -4.174536
10.400000 -4.122886
10.500000 -4.064115
10.600000 -4.014387
10.700000 -3.963468
10.800000 -3.913596
10.900000 -3.870536
11.000000 -3.821637
11.100000 -3.779660
11.200000 -3.736989
11.300000 -3.695036
11.400000 -3.658213
11.500000 -3.615704
11.600000 -3.578784
11.700000 -3.540932
11.800000 -3.503810
11.900000 -3.467549
12.000000 -3.427832
12.100000 -3.392874
12.200000 -3.356427
12.300000 -3.319748
12.400000 -3.285246
12.500000 -3.248367
12.600000 -3.214878
12.700000 -3.182393
12.800000 -3.151300
12.900000 -3.121745
13.000000 -3.090178
13.100000 -3.063959
13.200000 -3.036703
13.300000 -3.010973
13.400000 -2.986313
13.500000 -2.962492
13.600000 -2.940803
13.700000 -2.918618
13.800000 -2.897512
13.900000 -2.878284
14.000000 -2.858264
14.100000 -2.839932
14.200000 -2.821334
14.300000 -2.803705
14.400000 -2.786876
14.500000 -2.769363
14.600000 -2.753262
14.700000 -2.736273
14.800000 -2.719860
14.900000 -2.704142
15.000000 -2.687866
15.100000 -2.672694
15.200000 -2.657351
15.300000 -2.641073
15.400000 -2.625253
15.500000 -2.609014
15.600000 -2.593585
15.700000 -2.575397
15.800000 -2.557465
15.900000 -2.540054
16.000000 -2.522411
16.100000 -2.501973
16.200000 -2.481761
16.300000 -2.461630
16.400000 -2.442120
16.500000 -2.419515
16.600000 -2.397704
16.700000 -2.376027
16.800000 -2.354617
16.900000 -2.332455
17.000000 -2.310107
17.100000 -2.288533
17.200000 -2.267081
17.300000 -2.245781
17.400000 -2.225053
17.500000 -2.204226
17.600000 -2.184063
17.700000 -2.164990
17.800000 -2.146256
17.900000 -2.127967
18.000000 -2.109573
18.100000 -2.093433
18.200000 -2.077305
18.300000 -2.061515
18.400000 -2.046040
18.500000 -2.030528
18.600000 -2.015452
18.700000 -2.001703
18.800000 -1.975073
18.900000 -1.961799
19.000000 -1.949670
19.100000 -1.937507
19.200000 -1.925636
19.300000 -1.913946
19.400000 -1.902674
19.500000 -1.891715
19.600000 -1.880748
19.700000 -1.870019
19.800000 -1.859562
19.900000 -1.849082
20.000000 -1.838873
20.100000 -1.828666
20.200000 -1.818617
20.300000 -1.808708
20.400000 -1.798783
20.500000 -1.789097
20.600000 -1.779761
20.700000 -1.770611
20.800000 -1.761581
20.900000 -1.752532
21.000000 -1.744192
21.100000 -1.735844
21.200000 -1.727667
21.300000 -1.719587
21.400000 -1.711790
21.500000 -1.704166
21.600000 -1.696545
21.700000 -1.689067
21.800000 -1.682302
21.900000 -1.675524
22.000000 -1.668888
22.100000 -1.662266
22.200000 -1.655758
22.300000 -1.649335
22.400000 -1.643168
22.500000 -1.637122
22.600000 -1.631094
22.700000 -1.625161
22.800000 -1.619309
22.900000 -1.613451
23.000000 -1.607701
23.100000 -1.601969
23.200000 -1.596069
23.300000 -1.590232
23.400000 -1.584394
23.500000 -1.578651
23.600000 -1.572233
23.700000 -1.565886
23.800000 -1.559610
23.900000 -1.553346
24.000000 -1.546371
24.100000 -1.539445
24.200000 -1.532580
24.300000 -1.525798
24.400000 -1.518090
24.500000 -1.510496
24.600000 -1.502946
24.700000 -1.495476
24.800000 -1.487180
24.900000 -1.478920
25.000000 -1.470788
25.100000 -1.462703
25.200000 -1.454147
25.300000 -1.445689
25.400000 -1.437285
25.500000 -1.429002
25.600000 -1.420781
25.700000 -1.412667
25.800000 -1.404260
25.900000 -1.395915
26.000000 -1.387694
26.100000 -1.379533
26.200000 -1.371506
26.300000 -1.363566
26.400000 -1.355684
26.500000 -1.347915
26.600000 -1.340321
26.700000 -1.332825
26.800000 -1.325407
26.900000 -1.318042
27.000000 -1.311081
27.100000 -1.304165
27.200000 -1.297337
27.300000 -1.290575
27.400000 -1.284224
27.500000 -1.277952
27.600000 -1.271721
27.700000 -1.265562
27.800000 -1.259729
27.900000 -1.253933
28.000000 -1.248203
28.100000 -1.242512
28.200000 -1.237343
28.300000 -1.232221
28.400000 -1.227124
28.500000 -1.222087
28.600000 -1.217287
28.700000 -1.212535
28.800000 -1.207823
28.900000 -1.203132
29.000000 -1.198697
29.100000 -1.194282
29.200000 -1.189909
29.300000 -1.185571
29.400000 -1.181251
29.500000 -1.176980
29.600000 -1.172909
29.700000 -1.168879
29.800000 -1.164879
29.900000 -1.160894
30.000000 -1.157235
30.100000 -1.153586
30.200000 -1.149974
30.300000 -1.146387
30.400000 -1.142948
30.500000 -1.139544
30.600000 -1.136149
30.700000 -1.132788
30.800000 -1.129659
30.900000 -1.126541
31.000000 -1.123453
31.100000 -1.120375
31.200000 -1.117327
31.300000 -1.114300
31.400000 -1.111281
31.500000 -1.108291
31.600000 -1.105323
31.700000 -1.102379
31.800000 -1.099455
31.900000 -1.096540
32.000000 -1.093722
32.100000 -1.090913
32.200000 -1.088127
32.300000 -1.085358
32.400000 -1.082299
32.500000 -1.079266
32.600000 -1.076243
32.700000 -1.073244
32.800000 -1.070166
32.900000 -1.067097
33.000000 -1.064056
33.100000 -1.061022
33.200000 -1.058014
33.300000 -1.055025
33.400000 -1.051786
33.500000 -1.048576
33.600000 -1.045376
33.700000 -1.042202
33.800000 -1.038754
33.900000 -1.035321
34.000000 -1.031919
34.100000 -1.028530
34.200000 -1.024914
34.300000 -1.021322
34.400000 -1.017749
34.500000 -1.014207
34.600000 -1.010453
34.700000 -1.006732
34.800000 -1.003037
34.900000 -0.999362
35.000000 -0.995605
35.100000 -0.991867
35.200000 -0.988161
35.300000 -0.984482
35.400000 -0.980722
35.500000 -0.976994
35.600000 -0.973288
35.700000 -0.969613
35.800000 -0.965958
35.900000 -0.962325
36.000000 -0.958724
36.100000 -0.955143
36.200000 -0.951499
36.300000 -0.947882
36.400000 -0.944286
36.500000 -0.940721
36.600000 -0.937177
36.700000 -0.933662
36.800000 -0.930250
36.900000 -0.926857
37.000000 -0.923492
37.100000 -0.920147
37.200000 -0.916888
37.300000 -0.913652
37.400000 -0.910434
37.500000 -0.907242
37.600000 -0.904319
37.700000 -0.901418
37.800000 -0.898535
37.900000 -0.895667
38.000000 -0.892833
38.100000 -0.890013
38.200000 -0.887213
38.300000 -0.884431
38.400000 -0.881780
38.500000 -0.879148
38.600000 -0.876528
38.700000 -0.873926
38.800000 -0.871389
38.900000 -0.868864
39.000000 -0.866355
39.100000 -0.863858
39.200000 -0.861583
39.300000 -0.859321
39.400000 -0.857067
39.500000 -0.854828
39.600000 -0.852625
39.700000 -0.850435
39.800000 -0.848257
39.900000 -0.846088
40.000000 -0.844056
40.100000 -0.842031
40.200000 -0.840018
40.300000 -0.838016
40.400000 -0.836021
40.500000 -0.834039
40.600000 -0.831991
40.700000 -0.829954
40.800000 -0.827929
40.900000 -0.825911
41.000000 -0.824012
41.100000 -0.822119
41.200000 -0.820237
41.300000 -0.818365
41.400000 -0.816446
41.500000 -0.814539
41.600000 -0.812638
41.700000 -0.810749
41.800000 -0.808865
41.900000 -0.806988
42.000000 -0.805122
42.100000 -0.803262
42.200000 -0.801378
42.300000 -0.799504
42.400000 -0.797636
42.500000 -0.795778
42.600000 -0.793933
42.700000 -0.792097
42.800000 -0.790272
42.900000 -0.788452
43.000000 -0.786607
43.100000 -0.784767
43.200000 -0.782938
43.300000 -0.781117
43.400000 -0.779284
43.500000 -0.777461
43.600000 -0.775645
43.700000 -0.773839
43.800000 -0.772042
43.900000 -0.770251
44.000000 -0.768462
44.100000 -0.766679
44.200000 -0.764906
44.300000 -0.763140
44.400000 -0.761337
44.500000 -0.759543
44.600000 -0.757756
44.700000 -0.755979
44.800000 -0.754135
44.900000 -0.752297
45.000000 -0.750470
45.100000 -0.748650
45.200000 -0.746855
45.300000 -0.745069
45.400000 -0.743291
45.500000 -0.741522
45.600000 -0.739746
45.700000 -0.737979
45.800000 -0.736221
45.900000 -0.734470
46.000000 -0.732715
46.100000 -0.730967
46.200000 -0.729228
46.300000 -0.727498
46.400000 -0.725753
46.500000 -0.724019
46.600000 -0.722292
46.700000 -0.720574
46.800000 -0.718862
46.900000 -0.717157
47.000000 -0.715461
47.100000 -0.713772
47.200000 -0.712122
47.300000 -0.710480
47.400000 -0.708844
47.500000 -0.707217
47.600000 -0.705596
47.700000 -0.703983
47.800000 -0.702285
47.900000 -0.700594
48.000000 -0.698912
48.100000 -0.697237
48.200000 -0.695495
48.300000 -0.693762
48.400000 -0.692036
48.500000 -0.690320
48.600000 -0.688605
48.700000 -0.686899
48.800000 -0.685201
48.900000 -0.683511
49.000000 -0.681816
49.100000 -0.680129
49.200000 -0.678451
49.300000 -0.676782
49.400000 -0.675157
49.500000 -0.673541
49.600000 -0.671932
49.700000 -0.670330
49.800000 -0.668801
49.900000 -0.667277
50.000000 -0.665761
50.100000 -0.664251
50.200000 -0.662738
50.300000 -0.661231
50.400000 -0.659731
50.500000 -0.658239
50.600000 -0.656758
50.700000 -0.655285
50.800000 -0.653818
50.900000 -0.652357
51.000000 -0.650902
51.100000 -0.649454
51.200000 -0.648016
51.300000 -0.646585
51.400000 -0.645160
51.500000 -0.643741
51.600000 -0.642373
51.700000 -0.641010
51.800000 -0.639653
51.900000 -0.638302
52.000000 -0.636964
52.100000 -0.635631
52.200000 -0.634304
52.300000 -0.632983
52.400000 -0.631650
52.500000 -0.630324
52.600000 -0.629002
52.700000 -0.627687
52.800000 -0.626454
52.900000 -0.625225
53.000000 -0.624002
53.100000 -0.622784
53.200000 -0.621568
53.300000 -0.620358
53.400000 -0.619152
53.500000 -0.617951
53.600000 -0.616779
53.700000 -0.615612
53.800000 -0.614450
53.900000 -0.613292
54.000000 -0.612151
54.100000 -0.611013
54.200000 -0.609881
54.300000 -0.608753
54.400000 -0.607646
54.500000 -0.606543
54.600000 -0.605445
54.700000 -0.604351
54.800000 -0.603261
54.900000 -0.602176
55.000000 -0.601120
55.100000 -0.600069
55.200000 -0.599021
55.300000 -0.597977
55.400000 -0.596970
55.500000 -0.595965
55.600000 -0.594964
55.700000 -0.593967
55.800000 -0.593004
55.900000 -0.592044
56.000000 -0.591087
56.100000 -0.590134
56.200000 -0.589179
56.300000 -0.588228
56.400000 -0.587281
56.500000 -0.586336
56.600000 -0.585375
56.700000 -0.584418
56.800000 -0.583463
56.900000 -0.582512
57.000000 -0.581486
57.100000 -0.580463
57.200000 -0.579443
57.300000 -0.578428
57.400000 -0.577398
57.500000 -0.576371
57.600000 -0.575348
57.700000 -0.574329
57.800000 -0.573308
57.900000 -0.572291
58.000000 -0.571277
58.100000 -0.570267
58.200000 -0.569194
58.300000 -0.568125
58.400000 -0.567060
58.500000 -0.565999
58.600000 -0.564943
58.700000 -0.563890
58.800000 -0.562859
58.900000 -0.561831
59.000000 -0.560808
59.100000 -0.559788
59.200000 -0.558703
59.300000 -0.557622
59.400000 -0.556545
59.500000 -0.555472
59.600000 -0.554394
59.700000 -0.553321
59.800000 -0.552252
59.900000 -0.551186
60.000000 -0.550129
60.100000 -0.549076
60.200000 -0.548027
60.300000 -0.546982
60.400000 -0.545929
60.500000 -0.544881
60.600000 -0.543837
60.700000 -0.542797
60.800000 -0.541772
60.900000 -0.540751
61.000000 -0.539733
61.100000 -0.538719
61.200000 -0.537673
61.300000 -0.536630
61.400000 -0.535592
61.500000 -0.534557
61.600000 -0.533559
61.700000 -0.532564
61.800000 -0.531573
61.900000 -0.530586
62.000000 -0.529602
62.100000 -0.528622
62.200000 -0.527636
62.300000 -0.526654
62.400000 -0.525676
62.500000 -0.524701
62.600000 -0.523736
62.700000 -0.522775
62.800000 -0.521818
62.900000 -0.520863
63.000000 -0.519925
63.100000 -0.518991
63.200000 -0.518060
63.300000 -0.517132
63.400000 -0.516214
63.500000 -0.515299
63.600000 -0.514388
63.700000 -0.513480
63.800000 -0.512609
63.900000 -0.511741
64.000000 -0.510875
64.100000 -0.510013
64.200000 -0.509232
64.300000 -0.508454
64.400000 -0.507678
64.500000 -0.506905
64.600000 -0.506145
64.700000 -0.505389
64.800000 -0.504634
64.900000 -0.503882
65.000000 -0.503153
65.100000 -0.502427
65.200000 -0.501703
65.300000 -0.500981
65.400000 -0.500279
65.500000 -0.499579
65.600000 -0.498880
65.700000 -0.498184
65.800000 -0.497489
65.900000 -0.496797
66.000000 -0.496100
66.100000 -0.495404
66.200000 -0.494711
66.300000 -0.494020
66.400000 -0.493344
66.500000 -0.492669
66.600000 -0.491997
66.700000 -0.491326
66.800000 -0.490627
66.900000 -0.489930
67.000000 -0.489235
67.100000 -0.488542
67.200000 -0.487824
67.300000 -0.487108
67.400000 -0.486394
67.500000 -0.485682
67.600000 -0.484954
67.700000 -0.484229
67.800000 -0.483506
67.900000 -0.482785
68.000000 -0.482056
68.100000 -0.481330
68.200000 -0.480606
68.300000 -0.479885
68.400000 -0.479136
68.500000 -0.478389
68.600000 -0.477645
68.700000 -0.476903
68.800000 -0.476147
68.900000 -0.475393
69.000000 -0.474642
69.100000 -0.473893
69.200000 -0.473146
69.300000 -0.472402
69.400000 -0.471605
69.500000 -0.470811
69.600000 -0.470019
69.700000 -0.469231
69.800000 -0.468460
69.900000 -0.467691
70.000000 -0.466926
70.100000 -0.466162
70.200000 -0.465380
70.300000 -0.464600
70.400000 -0.463823
70.500000 -0.463048
70.600000 -0.462277
70.700000 -0.461509
70.800000 -0.460743
70.900000 -0.459980
71.000000 -0.459202
71.100000 -0.458427
71.200000 -0.457654
71.300000 -0.456884
71.400000 -0.456146
71.500000 -0.455411
71.600000 -0.454678
71.700000 -0.453947
71.800000 -0.453249
71.900000 -0.452554
72.000000 -0.451861
72.100000 -0.451170
72.200000 -0.450487
72.300000 -0.449806
72.400000 -0.449128
72.500000 -0.448451
72.600000 -0.447796
72.700000 -0.447143
72.800000 -0.446492
72.900000 -0.445842
73.000000 -0.445195
73.100000 -0.444549
73.200000 -0.443898
73.300000 -0.443247
73.400000 -0.442599
73.500000 -0.441953
73.600000 -0.441303
73.700000 -0.440654
73.800000 -0.440008
73.900000 -0.439364
74.000000 -0.438740
74.100000 -0.438117
74.200000 -0.437497
74.300000 -0.436879
74.400000 -0.436288
74.500000 -0.435698
74.600000 -0.435110
74.700000 -0.434524
74.800000 -0.433948
74.900000 -0.433374
75.000000 -0.432801
75.100000 -0.432230
75.200000 -0.431687
75.300000 -0.431687
75.400000 -0.431145
75.500000 -0.430604
75.600000 -0.430065
75.700000 -0.429527
75.800000 -0.428991
75.900000 -0.428457
76.000000 -0.427923
76.100000 -0.427403
76.200000 -0.426884
76.300000 -0.426367
76.400000 -0.425850
76.500000 -0.425335
76.600000 -0.424822
76.700000 -0.424326
76.800000 -0.423832
76.900000 -0.423339
77.000000 -0.422847
77.100000 -0.422366
77.200000 -0.421885
77.300000 -0.421405
77.400000 -0.420927
77.500000 -0.420419
77.600000 -0.419912
77.700000 -0.419407
77.800000 -0.418903
77.900000 -0.418399
78.000000 -0.417896
78.100000 -0.417395
78.200000 -0.416895
78.300000 -0.416394
78.400000 -0.415894
78.500000 -0.415396
78.600000 -0.414898
78.700000 -0.414383
78.800000 -0.413868
78.900000 -0.413355
79.000000 -0.412844
79.100000 -0.412313
79.200000 -0.411784
79.300000 -0.411256
79.400000 -0.410729
79.500000 -0.410199
79.600000 -0.409671
79.700000 -0.409144
79.800000 -0.408618
79.900000 -0.408078
80.000000 -0.407540
80.100000 -0.407003
80.200000 -0.406468
80.300000 -0.405934
80.400000 -0.405401
80.500000 -0.404882
80.600000 -0.404365
80.700000 -0.403848
80.800000 -0.403333
80.900000 -0.402807
81.000000 -0.402282
81.100000 -0.401758
81.200000 -0.401236
81.300000 -0.400701
81.400000 -0.400168
81.500000 -0.399637
81.600000 -0.399107
81.700000 -0.398562
81.800000 -0.398018
81.900000 -0.397476
82.000000 -0.396936
82.100000 -0.396387
82.200000 -0.395840
82.300000 -0.395294
82.400000 -0.394750
82.500000 -0.394190
82.600000 -0.393631
82.700000 -0.393074
82.800000 -0.392518
82.900000 -0.391974
83.000000 -0.391430
83.100000 -0.390889
83.200000 -0.390349
83.300000 -0.389824
83.400000 -0.389300
83.500000 -0.388778
83.600000 -0.388258
83.700000 -0.387738
83.800000 -0.387220
83.900000 -0.386703
84.000000 -0.386187
84.100000 -0.385673
84.200000 -0.385160
84.300000 -0.384657
84.400000 -0.384156
84.500000 -0.383656
84.600000 -0.383158
84.700000 -0.382651
84.800000 -0.382145
84.900000 -0.381640
85.000000 -0.381137
85.100000 -0.380643
85.200000 -0.380149
85.300000 -0.379658
85.400000 -0.379167
85.500000 -0.378694
85.600000 -0.378222
85.700000 -0.377751
85.800000 -0.377282
85.900000 -0.376827
86.000000 -0.376373
86.100000 -0.375921
86.200000 -0.375470
86.300000 -0.375044
86.400000 -0.374619
86.500000 -0.374196
86.600000 -0.373773
86.700000 -0.373367
86.800000 -0.372962
86.900000 -0.372558
87.000000 -0.372155
87.100000 -0.371759
87.200000 -0.371364
87.300000 -0.370970
87.400000 -0.370576
87.500000 -0.370184
87.600000 -0.369792
87.700000 -0.369399
87.800000 -0.369007
87.900000 -0.368616
88.000000 -0.368226
88.100000 -0.367826
88.200000 -0.367427
88.300000 -0.367029
88.400000 -0.366632
88.500000 -0.366225
88.600000 -0.365818
88.700000 -0.365413
88.800000 -0.365008
88.900000 -0.364601
89.000000 -0.364195
89.100000 -0.363790
89.200000 -0.363386
89.300000 -0.362990
89.400000 -0.362596
89.500000 -0.362202
89.600000 -0.361809
89.700000 -0.361408
89.800000 -0.361008
89.900000 -0.360608
90.000000 -0.360210
90.100000 -0.359815
90.200000 -0.359421
90.300000 -0.359029
90.400000 -0.358636
90.500000 -0.358241
90.600000 -0.357846
90.700000 -0.357452
90.800000 -0.357058
90.900000 -0.356683
91.000000 -0.356308
91.100000 -0.355935
91.200000 -0.355562
91.300000 -0.355190
91.400000 -0.354819
91.500000 -0.354433
91.600000 -0.354048
91.700000 -0.353665
91.800000 -0.353282
91.900000 -0.352912
92.000000 -0.352544
92.100000 -0.352176
92.200000 -0.351809
92.300000 -0.351383
92.400000 -0.350958
92.500000 -0.350534
92.600000 -0.350111
92.700000 -0.349689
92.800000 -0.349268
92.900000 -0.348848
93.000000 -0.348429
93.100000 -0.348011
93.200000 -0.347594
93.300000 -0.347178
93.400000 -0.346764
93.500000 -0.346350
93.600000 -0.345937
93.700000 -0.345525
93.800000 -0.345114
93.900000 -0.344704
94.000000 -0.344296
94.100000 -0.343888
94.200000 -0.343481
94.300000 -0.343075
94.400000 -0.342670
94.500000 -0.342266
94.600000 -0.341863
94.700000 -0.341461
94.800000 -0.341060
94.900000 -0.340659
95.000000 -0.340260
95.100000 -0.339862
95.200000 -0.339465
95.300000 -0.339068
95.400000 -0.338673
95.500000 -0.338278
95.600000 -0.337885
95.700000 -0.337492
95.800000 -0.337101
95.900000 -0.336710
96.000000 -0.336320
96.100000 -0.335931
96.200000 -0.335543
96.300000 -0.335156
96.400000 -0.334770
96.500000 -0.334384
96.600000 -0.334000
96.700000 -0.333616
96.800000 -0.333234
96.900000 -0.332852
97.000000 -0.332471
97.100000 -0.332091
97.200000 -0.331712
97.300000 -0.331334
97.400000 -0.330957
97.500000 -0.330580
97.600000 -0.330205
97.700000 -0.329830
97.800000 -0.329457
97.900000 -0.329084
98.000000 -0.328712
98.100000 -0.328340
98.200000 -0.327970
98.300000 -0.327601
98.400000 -0.327232
98.500000 -0.326864
98.600000 -0.326497
98.700000 -0.326131
98.800000 -0.325766
98.900000 -0.325402
99.000000 -0.325038
99.100000 -0.324675
99.200000 -0.324313
99.300000 -0.323952
99.400000 -0.323592
99.500000 -0.323233
99.600000 -0.322874
99.700000 -0.322516
99.800000 -0.322159
99.900000 -0.321803
100.000000 -0.321448
100.100000 -0.321093
100.200000 -0.320739
100.300000 -0.320386
100.400000 -0.320034
100.500000 -0.319683
100.600000 -0.319332
100.700000 -0.318982
100.800000 -0.318633
100.900000 -0.318285
101.000000 -0.317937
101.100000 -0.317591
101.200000 -0.317245
101.300000 -0.316900
101.400000 -0.316555
101.500000 -0.316212
101.600000 -0.315869
101.700000 -0.315527
101.800000 -0.315185
101.900000 -0.314845
102.000000 -0.314505
102.100000 -0.314166
102.200000 -0.313827
102.300000 -0.313490
102.400000 -0.313153
102.500000 -0.312817
102.600000 -0.312482
102.700000 -0.312147
102.800000 -0.311813
102.900000 -0.311480
103.000000 -0.311147
103.100000 -0.310816
103.200000 -0.310485
103.300000 -0.310154
103.400000 -0.309825
103.500000 -0.309496
103.600000 -0.309168
103.700000 -0.308841
103.800000 -0.308514
103.900000 -0.308188
104.000000 -0.307863
104.100000 -0.307538
104.200000 -0.307214
104.300000 -0.306891
104.400000 -0.306569
104.500000 -0.306247
104.600000 -0.305926
104.700000 -0.305605
104.800000 -0.305286
104.900000 -0.304967
105.000000 -0.304648
105.100000 -0.304331
105.200000 -0.304014
105.300000 -0.303697
105.400000 -0.303382
105.500000 -0.303067
105.600000 -0.302752
105.700000 -0.302439
105.800000 -0.302126
105.900000 -0.301814
106.000000 -0.301502
106.100000 -0.301191
106.200000 -0.300881
106.300000 -0.300571
106.400000 -0.300262
106.500000 -0.299954
106.600000 -0.299646
106.700000 -0.299339
106.800000 -0.299032
106.900000 -0.298727
107.000000 -0.298422
107.100000 -0.298117
107.200000 -0.297813
107.300000 -0.297510
107.400000 -0.297207
107.500000 -0.296905
107.600000 -0.296604
107.700000 -0.296303
107.800000 -0.296003
107.900000 -0.295704
108.000000 -0.295405
108.100000 -0.295107
108.200000 -0.294809
108.300000 -0.294512
108.400000 -0.294216
108.500000 -0.293920
108.600000 -0.293625
108.700000 -0.293330
108.800000 -0.293037
108.900000 -0.292743
109.000000 -0.292450
109.100000 -0.292158
109.200000 -0.291867
109.300000 -0.291576
109.400000 -0.291286
109.500000 -0.290996
109.600000 -0.290707
109.700000 -0.290418
109.800000 -0.290130
109.900000 -0.289843
110.000000 -0.289556
110.100000 -0.289270
110.200000 -0.288984
110.300000 -0.288699
110.400000 -0.288415
110.500000 -0.288131
110.600000 -0.287847
110.700000 -0.287565
110.800000 -0.287282
110.900000 -0.287001
111.000000 -0.286720
111.100000 -0.286439
111.200000 -0.286159
111.300000 -0.285880
111.400000 -0.285601
111.500000 -0.285323
111.600000 -0.285045
111.700000 -0.284768
111.800000 -0.284491
111.900000 -0.284215
112.000000 -0.283940
112.100000 -0.283665
112.200000 -0.283391
112.300000 -0.283117
112.400000 -0.282843
112.500000 -0.282571
112.600000 -0.282299
112.700000 -0.282027
112.800000 -0.281756
112.900000 -0.281485
113.000000 -0.281215
113.100000 -0.280945
113.200000 -0.280676
113.300000 -0.280408
113.400000 -0.280140
113.500000 -0.279873
113.600000 -0.279606
113.700000 -0.279339
113.800000 -0.279073
113.900000 -0.278808
114.000000 -0.278543
114.100000 -0.278279
114.200000 -0.278015
114.300000 -0.277752
114.400000 -0.277489
114.500000 -0.277227
114.600000 -0.276965
114.700000 -0.276704
114.800000 -0.276443
114.900000 -0.276183
115.000000 -0.275923
115.100000 -0.275664
115.200000 -0.275405
115.300000 -0.275147
115.400000 -0.274889
115.500000 -0.274632
115.600000 -0.274375
115.700000 -0.274119
115.800000 -0.273863
115.900000 -0.273608
116.000000 -0.273353
116.100000 -0.273099
116.200000 -0.272845
116.300000 -0.272592
116.400000 -0.272339
116.500000 -0.272087
116.600000 -0.271835
116.700000 -0.271584
116.800000 -0.271333
116.900000 -0.271082
117.000000 -0.270832
117.100000 -0.270583
117.200000 -0.270334
117.300000 -0.270085
117.400000 -0.269837
117.500000 -0.269590
117.600000 -0.269342
117.700000 -0.269096
117.800000 -0.268850
117.900000 -0.268604
118.000000 -0.268358
118.100000 -0.268114
118.200000 -0.267869
118.300000 -0.267625
118.400000 -0.267382
118.500000 -0.267139
118.600000 -0.266896
118.700000 -0.266654
118.800000 -0.266413
118.900000 -0.266172
119.000000 -0.265931
119.100000 -0.265691
119.200000 -0.265451
119.300000 -0.265211
119.400000 -0.264972
119.500000 -0.264734
119.600000 -0.264496
119.700000 -0.264258
119.800000 -0.264021
119.900000 -0.263784
120.000000 -0.263548
120.100000 -0.263312
120.200000 -0.263077
120.300000 -0.262842
120.400000 -0.262607
120.500000 -0.262373
120.600000 -0.262139
120.700000 -0.261906
120.800000 -0.261673
120.900000 -0.261441
121.000000 -0.261209
121.100000 -0.260977
121.200000 -0.260746
121.300000 -0.260515
121.400000 -0.260285
121.500000 -0.260055
121.600000 -0.259825
121.700000 -0.259596
121.800000 -0.259368
121.900000 -0.259139
122.000000 -0.258912
122.100000 -0.258684
122.200000 -0.258457
122.300000 -0.258231
122.400000 -0.258004
122.500000 -0.257779
122.600000 -0.257553
122.700000 -0.257328
122.800000 -0.257104
122.900000 -0.256880
123.000000 -0.256656
123.100000 -0.256433
123.200000 -0.256210
123.300000 -0.255987
123.400000 -0.255765
123.500000 -0.255543
123.600000 -0.255322
123.700000 -0.255101
123.800000 -0.254880
123.900000 -0.254660
124.000000 -0.254440
124.100000 -0.254221
124.200000 -0.254002
124.300000 -0.253783
124.400000 -0.253565
124.500000 -0.253347
124.600000 -0.253130
124.700000 -0.252913
124.800000 -0.252696
124.900000 -0.252480
125.000000 -0.252264
125.100000 -0.252048
125.200000 -0.251833
125.300000 -0.251618
125.400000 -0.251404
125.500000 -0.251190
125.600000 -0.250976
125.700000 -0.250763
125.800000 -0.250550
125.900000 -0.250338
126.000000 -0.250125
126.100000 -0.249914
126.200000 -0.249702
126.300000 -0.249491
126.400000 -0.249280
126.500000 -0.249070
126.600000 -0.248860
126.700000 -0.248651
126.800000 -0.248441
126.900000 -0.248232
127.000000 -0.248024
127.100000 -0.247816
127.200000 -0.247608
127.300000 -0.247401
127.400000 -0.247194
127.500000 -0.246987
127.600000 -0.246781
127.700000 -0.246575
127.800000 -0.246369
127.900000 -0.246164
128.000000 -0.245959
128.100000 -0.245754
128.200000 -0.245550
128.300000 -0.245346
128.400000 -0.245142
128.500000 -0.244939
128.600000 -0.244736
128.700000 -0.244534
128.800000 -0.244332
128.900000 -0.244130
129.000000 -0.243929
129.100000 -0.243727
129.200000 -0.243527
129.300000 -0.243326
129.400000 -0.243126
129.500000 -0.242926
129.600000 -0.242727
129.700000 -0.242528
129.800000 -0.242329
129.900000 -0.242131
130.000000 -0.241933
130.100000 -0.241735
130.200000 -0.241538
130.300000 -0.241341
130.400000 -0.241144
130.500000 -0.240947
130.600000 -0.240751
130.700000 -0.240556
130.800000 -0.240360
130.900000 -0.240165
131.000000 -0.239970
131.100000 -0.239776
131.200000 -0.239582
131.300000 -0.239388
131.400000 -0.239195
131.500000 -0.239001
131.600000 -0.238809
131.700000 -0.238616
131.800000 -0.238424
131.900000 -0.238232
132.000000 -0.238040
132.100000 -0.237849
132.200000 -0.237658
132.300000 -0.237468
132.400000 -0.237278
132.500000 -0.237088
132.600000 -0.236898
132.700000 -0.236709
132.800000 -0.236520
132.900000 -0.236331
133.000000 -0.236142
133.100000 -0.235954
133.200000 -0.235767
133.300000 -0.235579
133.400000 -0.235392
133.500000 -0.235205
133.600000 -0.235019
133.700000 -0.234832
133.800000 -0.234646
133.900000 -0.234461
134.000000 -0.234275
134.100000 -0.234090
134.200000 -0.233906
134.300000 -0.233721
134.400000 -0.233537
134.500000 -0.233353
134.600000 -0.233170
134.700000 -0.232987
134.800000 -0.232804
134.900000 -0.232621
135.000000 -0.232439
135.100000 -0.232257
135.200000 -0.232075
135.300000 -0.231893
135.400000 -0.231712
135.500000 -0.231531
135.600000 -0.231351
135.700000 -0.231171
135.800000 -0.230991
135.900000 -0.230811
136.000000 -0.230631
136.100000 -0.230452
136.200000 -0.230274
136.300000 -0.230095
136.400000 -0.229917
136.500000 -0.229739
136.600000 -0.229561
136.700000 -0.229384
136.800000 -0.229206
136.900000 -0.229030
137.000000 -0.228853
137.100000 -0.228677
137.200000 -0.228501
137.300000 -0.228325
137.400000 -0.228150
137.500000 -0.227974
137.600000 -0.227800
137.700000 -0.227625
137.800000 -0.227451
137.900000 -0.227277
138.000000 -0.227103
138.100000 -0.226929
138.200000 -0.226756
138.300000 -0.226583
138.400000 -0.226410
138.500000 -0.226238
138.600000 -0.226066
138.700000 -0.225894
138.800000 -0.225722
138.900000 -0.225551
139.000000 -0.225380
139.100000 -0.225209
139.200000 -0.225039
139.300000 -0.224868
139.400000 -0.224698
139.500000 -0.224529
139.600000 -0.224359
139.700000 -0.224190
139.800000 -0.224021
139.900000 -0.223852
140.000000 -0.223684
140.100000 -0.223516
140.200000 -0.223348
140.300000 -0.223180
140.400000 -0.223013
140.500000 -0.222846
140.600000 -0.222679
140.700000 -0.222513
140.800000 -0.222346
140.900000 -0.222180
141.000000 -0.222014
141.100000 -0.221849
141.200000 -0.221683
141.300000 -0.221518
141.400000 -0.221354
141.500000 -0.221189
141.600000 -0.221025
141.700000 -0.220861
141.800000 -0.220697
141.900000 -0.220533
142.000000 -0.220370
142.100000 -0.220207
142.200000 -0.220044
142.300000 -0.219882
142.400000 -0.219720
142.500000 -0.219558
142.600000 -0.219396
142.700000 -0.219234
142.800000 -0.219073
142.900000 -0.218912
143.000000 -0.218751
143.100000 -0.218590
143.200000 -0.218430
143.300000 -0.218270
143.400000 -0.218110
143.500000 -0.217951
143.600000 -0.217791
143.700000 -0.217632
143.800000 -0.217473
143.900000 -0.217315
144.000000 -0.217156
144.100000 -0.216998
144.200000 -0.216840
144.300000 -0.216683
144.400000 -0.216525
144.500000 -0.216368
144.600000 -0.216211
144.700000 -0.216054
144.800000 -0.215898
144.900000 -0.215742
145.000000 -0.215586
145.100000 -0.215430
145.200000 -0.215274
145.300000 -0.215119
145.400000 -0.214964
145.500000 -0.214809
145.600000 -0.214654
145.700000 -0.214500
145.800000 -0.214346
145.900000 -0.214192
146.000000 -0.214038
146.100000 -0.213885
146.200000 -0.213732
146.300000 -0.213579
146.400000 -0.213426
146.500000 -0.213273
146.600000 -0.213121
146.700000 -0.212969
146.800000 -0.212817
146.900000 -0.212665
147.000000 -0.212514
147.100000 -0.212362
147.200000 -0.212211
147.300000 -0.212061
147.400000 -0.211910
147.500000 -0.211760
147.600000 -0.211610
147.700000 -0.211460
147.800000 -0.211310
147.900000 -0.211161
148.000000 -0.211012
148.100000 -0.210863
148.200000 -0.210714
148.300000 -0.210565
148.400000 -0.210417
148.500000 -0.210269
148.600000 -0.210121
148.700000 -0.209973
148.800000 -0.209826
148.900000 -0.209678
149.000000 -0.209531
149.100000 -0.209384
149.200000 -0.209238
149.300000 -0.209091
149.400000 -0.208945
149.500000 -0.208799
149.600000 -0.208653
149.700000 -0.208508
149.800000 -0.208362
149.900000 -0.208217
150.000000 -0.208072
150.100000 -0.207928
150.200000 -0.207783
150.300000 -0.207639
150.400000 -0.207495
150.500000 -0.207351
150.600000 -0.207207
150.700000 -0.207064
150.800000 -0.206920
150.900000 -0.206777
151.000000 -0.206634
151.100000 -0.206492
151.200000 -0.206349
151.300000 -0.206207
151.400000 -0.206065
151.500000 -0.205923
151.600000 -0.205781
151.700000 -0.205640
151.800000 -0.205499
151.900000 -0.205358
152.000000 -0.205217
152.100000 -0.205076
152.200000 -0.204936
152.300000 -0.204795
152.400000 -0.204655
152.500000 -0.204516
152.600000 -0.204376
152.700000 -0.204236
152.800000 -0.204097
152.900000 -0.203958
153.000000 -0.203819
153.100000 -0.203681
153.200000 -0.203542
153.300000 -0.203404
153.400000 -0.203266
153.500000 -0.203128
153.600000 -0.202990
153.700000 -0.202853
153.800000 -0.202715
153.900000 -0.202578
154.000000 -0.202441
154.100000 -0.202305
154.200000 -0.202168
154.300000 -0.202032
154.400000 -0.201896
154.500000 -0.201760
154.600000 -0.201624
154.700000 -0.201488
154.800000 -0.201353
154.900000 -0.201218
155.000000 -0.201083
155.100000 -0.200948
155.200000 -0.200813
155.300000 -0.200679
155.400000 -0.200545
155.500000 -0.200411
155.600000 -0.200277
155.700000 -0.200143
155.800000 -0.200010
155.900000 -0.199876
156.000000 -0.199743
156.100000 -0.199610
156.200000 -0.199477
156.300000 -0.199345
156.400000 -0.199212
156.500000 -0.199080
156.600000 -0.198948
156.700000 -0.198816
156.800000 -0.198684
156.900000 -0.198553
157.000000 -0.198422
157.100000 -0.198291
157.200000 -0.198160
157.300000 -0.198029
157.400000 -0.197898
157.500000 -0.197768
157.600000 -0.197638
157.700000 -0.197507
157.800000 -0.197378
157.900000 -0.197248
158.000000 -0.197118
158.100000 -0.196989
158.200000 -0.196860
158.300000 -0.196731
158.400000 -0.196602
158.500000 -0.196473
158.600000 -0.196345
158.700000 -0.196217
158.800000 -0.196088
158.900000 -0.195960
159.000000 -0.195833
159.100000 -0.195705
159.200000 -0.195578
159.300000 -0.195450
159.400000 -0.195323
159.500000 -0.195196
159.600000 -0.195070
159.700000 -0.194943
159.800000 -0.194817
159.900000 -0.194690
160.000000 -0.194564
160.100000 -0.194438
160.200000 -0.194313
160.300000 -0.194187
160.400000 -0.194062
160.500000 -0.193937
160.600000 -0.193812
160.700000 -0.193687
160.800000 -0.193562
160.900000 -0.193437
161.000000 -0.193313
161.100000 -0.193189
161.200000 -0.193065
161.300000 -0.192941
161.400000 -0.192817
161.500000 -0.192694
161.600000 -0.192570
161.700000 -0.192447
161.800000 -0.192324
161.900000 -0.192201
162.000000 -0.192078
162.100000 -0.191956
162.200000 -0.191833
162.300000 -0.191711
162.400000 -0.191589
162.500000 -0.191467
162.600000 -0.191345
162.700000 -0.191224
162.800000 -0.191102
162.900000 -0.190981
163.000000 -0.190860
163.100000 -0.190739
163.200000 -0.190618
163.300000 -0.190498
163.400000 -0.190377
163.500000 -0.190257
163.600000 -0.190137
163.700000 -0.190017
163.800000 -0.189897
163.900000 -0.189777
164.000000 -0.189658
164.100000 -0.189538
164.200000 -0.189419
164.300000 -0.189300
164.400000 -0.189181
164.500000 -0.189062
164.600000 -0.188944
164.700000 -0.188825
164.800000 -0.188707
164.900000 -0.188589
165.000000 -0.188471
165.100000 -0.188353
165.200000 -0.188235
165.300000 -0.188118
165.400000 -0.188000
165.500000 -0.187883
165.600000 -0.187766
165.700000 -0.187649
165.800000 -0.187532
165.900000 -0.187416
166.000000 -0.187299
166.100000 -0.187183
166.200000 -0.187067
166.300000 -0.186951
166.400000 -0.186835
166.500000 -0.186719
166.600000 -0.186604
166.700000 -0.186488
166.800000 -0.186373
166.900000 -0.186258
167.000000 -0.186143
167.100000 -0.186028
167.200000 -0.185914
167.300000 -0.185799
167.400000 -0.185685
167.500000 -0.185571
167.600000 -0.185456
167.700000 -0.185343
167.800000 -0.185229
167.900000 -0.185115
168.000000 -0.185002
168.100000 -0.184888
168.200000 -0.184775
168.300000 -0.184662
168.400000 -0.184549
168.500000 -0.184436
168.600000 -0.184324
168.700000 -0.184211
168.800000 -0.184099
168.900000 -0.183987
169.000000 -0.183875
169.100000 -0.183763
169.200000 -0.183651
169.300000 -0.183539
169.400000 -0.183428
169.500000 -0.183317
169.600000 -0.183205
169.700000 -0.183094
169.800000 -0.182983
169.900000 -0.182873
170.000000 -0.182762
170.100000 -0.182651
170.200000 -0.182541
170.300000 -0.182431
170.400000 -0.182321
170.500000 -0.182211
170.600000 -0.182101
170.700000 -0.181991
170.800000 -0.181882
170.900000 -0.181772
171.000000 -0.181663
171.100000 -0.181554
171.200000 -0.181445
171.300000 -0.181336
171.400000 -0.181227
171.500000 -0.181119
171.600000 -0.181010
171.700000 -0.180902
171.800000 -0.180794
171.900000 -0.180686
172.000000 -0.180578
172.100000 -0.180470
172.200000 -0.180363
172.300000 -0.180255
172.400000 -0.180148
172.500000 -0.180040
172.600000 -0.179933
172.700000 -0.179826
172.800000 -0.179720
172.900000 -0.179613
173.000000 -0.179506
173.100000 -0.179400
173.200000 -0.179294
173.300000 -0.179187
173.400000 -0.179081
173.500000 -0.178975
173.600000 -0.178870
173.700000 -0.178764
173.800000 -0.178658
173.900000 -0.178553
174.000000 -0.178448
174.100000 -0.178343
174.200000 -0.178238
174.300000 -0.178133
174.400000 -0.178028
174.500000 -0.177923
174.600000 -0.177819
174.700000 -0.177715
174.800000 -0.177610
174.900000 -0.177506
175.000000 -0.177402
175.100000 -0.177298
175.200000 -0.177195
175.300000 -0.177091
175.400000 -0.176988
175.500000 -0.176884
175.600000 -0.176781
175.700000 -0.176678
175.800000 -0.176575
175.900000 -0.176472
176.000000 -0.176370
176.100000 -0.176267
176.200000 -0.176164
176.300000 -0.176062
176.400000 -0.175960
176.500000 -0.175858
176.600000 -0.175756
176.700000 -0.175654
176.800000 -0.175552
176.900000 -0.175451
177.000000 -0.175349
177.100000 -0.175248
177.200000 -0.175147
177.300000 -0.175046
177.400000 -0.174945
177.500000 -0.174844
177.600000 -0.174743
177.700000 -0.174642
177.800000 -0.174542
177.900000 -0.174441
178.000000 -0.174341
178.100000 -0.174241
178.200000 -0.174141
178.300000 -0.174041
178.400000 -0.173941
178.500000 -0.173842
178.600000 -0.173742
178.700000 -0.173643
178.800000 -0.173543
178.900000 -0.173444
179.000000 -0.173345
179.100000 -0.173246
179.200000 -0.173147
179.300000 -0.173049
179.400000 -0.172950
179.500000 -0.172852
179.600000 -0.172753
179.700000 -0.172655
179.800000 -0.172557
179.900000 -0.172459
180.000000 -0.172361
180.100000 -0.172263
180.200000 -0.172166
180.300000 -0.172068
180.400000 -0.171971
180.500000 -0.171873
180.600000 -0.171776
180.700000 -0.171679
180.800000 -0.171582
180.900000 -0.171485
181.000000 -0.171388
181.100000 -0.171292
181.200000 -0.171195
181.300000 -0.171099
181.400000 -0.171003
181.500000 -0.170906
181.600000 -0.170810
181.700000 -0.170714
181.800000 -0.170619
181.900000 -0.170523
182.000000 -0.170427
182.100000 -0.170332
182.200000 -0.170236
182.300000 -0.170141
182.400000 -0.170046
182.500000 -0.169951
182.600000 -0.169856
182.700000 -0.169761
182.800000 -0.169667
182.900000 -0.169572
183.000000 -0.169477
183.100000 -0.169383
183.200000 -0.169289
183.300000 -0.169195
183.400000 -0.169101
183.500000 -0.169007
183.600000 -0.168913
183.700000 -0.168819
183.800000 -0.168725
183.900000 -0.168632
184.000000 -0.168539
184.100000 -0.168445
184.200000 -0.168352
184.300000 -0.168259
184.400000 -0.168166
184.500000 -0.168073
184.600000 -0.167980
184.700000 -0.167888
184.800000 -0.167795
184.900000 -0.167703
185.000000 -0.167610
185.100000 -0.167518
185.200000 -0.167426
185.300000 -0.167334
185.400000 -0.167242
185.500000 -0.167150
185.600000 -0.167059
185.700000 -0.166967
185.800000 -0.166876
185.900000 -0.166784
186.000000 -0.166693
186.100000 -0.166602
186.200000 -0.166511
186.300000 -0.166420
186.400000 -0.166329
186.500000 -0.166238
186.600000 -0.166148
186.700000 -0.166057
186.800000 -0.165967
186.900000 -0.165876
187.000000 -0.165786
187.100000 -0.165696
187.200000 -0.165606
187.300000 -0.165516
187.400000 -0.165426
187.500000 -0.165336
187.600000 -0.165247
187.700000 -0.165157
187.800000 -0.165068
187.900000 -0.164979
188.000000 -0.164889
188.100000 -0.164800
188.200000 -0.164711
188.300000 -0.164622
188.400000 -0.164533
188.500000 -0.164445
188.600000 -0.164356
188.700000 -0.164268
188.800000 -0.164179
188.900000 -0.164091
189.000000 -0.164003
189.100000 -0.163915
189.200000 -0.163827
189.300000 -0.163739
189.400000 -0.163651
189.500000 -0.163563
189.600000 -0.163476
189.700000 -0.163388
189.800000 -0.163301
189.900000 -0.163213
190.000000 -0.163126
190.100000 -0.163039
190.200000 -0.162952
190.300000 -0.162865
190.400000 -0.162778
190.500000 -0.162691
190.600000 -0.162605
190.700000 -0.162518
190.800000 -0.162432
190.900000 -0.162345
191.000000 -0.162259
191.100000 -0.162173
191.200000 -0.162087
191.300000 -0.162001
191.400000 -0.161915
191.500000 -0.161829
191.600000 -0.161744
191.700000 -0.161658
191.800000 -0.161573
191.900000 -0.161487
192.000000 -0.161402
192.100000 -0.161317
192.200000 -0.161232
192.300000 -0.161147
192.400000 -0.161062
192.500000 -0.160977
192.600000 -0.160892
192.700000 -0.160808
192.800000 -0.160723
192.900000 -0.160639
193.000000 -0.160554
193.100000 -0.160470
193.200000 -0.160386
193.300000 -0.160302
193.400000 -0.160218
193.500000 -0.160134
193.600000 -0.160050
193.700000 -0.159966
193.800000 -0.159883
193.900000 -0.159799
194.000000 -0.159716
194.100000 -0.159632
194.200000 -0.159549
194.300000 -0.159466
194.400000 -0.159383
194.500000 -0.159300
194.600000 -0.159217
194.700000 -0.159134
194.800000 -0.159051
194.900000 -0.158969
195.000000 -0.158886
195.100000 -0.158804
195.200000 -0.158721
195.300000 -0.158639
195.400000 -0.158557
195.500000 -0.158475
195.600000 -0.158393
195.700000 -0.158311
195.800000 -0.158229
195.900000 -0.158148
196.000000 -0.158066
196.100000 -0.157984
196.200000 -0.157903
196.300000 -0.157822
196.400000 -0.157740
196.500000 -0.157659
196.600000 -0.157578
196.700000 -0.157497
196.800000 -0.157416
196.900000 -0.157335
197.000000 -0.157254
197.100000 -0.157174
197.200000 -0.157093
197.300000 -0.157013
197.400000 -0.156932
197.500000 -0.156852
197.600000 -0.156772
197.700000 -0.156692
197.800000 -0.156611
197.900000 -0.156531
198.000000 -0.156452
198.100000 -0.156372
198.200000 -0.156292
198.300000 -0.156212
198.400000 -0.156133
198.500000 -0.156053
198.600000 -0.155974
198.700000 -0.155895
198.800000 -0.155815
198.900000 -0.155736
199.000000 -0.155657
199.100000 -0.155578
199.200000 -0.155499
199.300000 -0.155421
199.400000 -0.155342
199.500000 -0.155263
199.600000 -0.155185
199.700000 -0.155106
199.800000 -0.155028
199.900000 -0.154950
200.000000 -0.154871
200.100000 -0.154793
200.200000 -0.154715
200.300000 -0.154637
200.400000 -0.154559
200.500000 -0.154482
200.600000 -0.154404
200.700000 -0.154326
200.800000 -0.154249
200.900000 -0.154171
201.000000 -0.154094
201.100000 -0.154017
201.200000 -0.153939
201.300000 -0.153862
201.400000 -0.153785
201.500000 -0.153708
201.600000 -0.153631
201.700000 -0.153555
201.800000 -0.153478
201.900000 -0.153401
202.000000 -0.153325
202.100000 -0.153248
202.200000 -0.153172
202.300000 -0.153095
202.400000 -0.153019
202.500000 -0.152943
202.600000 -0.152867
202.700000 -0.152791
202.800000 -0.152715
202.900000 -0.152639
203.000000 -0.152563
203.100000 -0.152488
203.200000 -0.152412
203.300000 -0.152336
203.400000 -0.152261
203.500000 -0.152186
203.600000 -0.152110
203.700000 -0.152035
203.800000 -0.151960
203.900000 -0.151885
204.000000 -0.151810
204.100000 -0.151735
204.200000 -0.151660
204.300000 -0.151585
204.400000 -0.151511
204.500000 -0.151436
204.600000 -0.151362
204.700000 -0.151287
204.800000 -0.151213
204.900000 -0.151138
205.000000 -0.151064
205.100000 -0.150990
205.200000 -0.150916
205.300000 -0.150842
205.400000 -0.150768
205.500000 -0.150694
205.600000 -0.150621
205.700000 -0.150547
205.800000 -0.150473
205.900000 -0.150400
206.000000 -0.150326
206.100000 -0.150253
206.200000 -0.150180
206.300000 -0.150106
206.400000 -0.150033
206.500000 -0.149960
206.600000 -0.149887
206.700000 -0.149814
206.800000 -0.149741
206.900000 -0.149669
207.000000 -0.149596
207.100000 -0.149523
207.200000 -0.149451
207.300000 -0.149378
207.400000 -0.149306
207.500000 -0.149234
207.600000 -0.149161
207.700000 -0.149089
207.800000 -0.149017
207.900000 -0.148945
208.000000 -0.148873
208.100000 -0.148801
208.200000 -0.148729
208.300000 -0.148658
208.400000 -0.148586
208.500000 -0.148514
208.600000 -0.148443
208.700000 -0.148371
208.800000 -0.148300
208.900000 -0.148229
209.000000 -0.148157
209.100000 -0.148086
209.200000 -0.148015
209.300000 -0.147944
209.400000 -0.147873
209.500000 -0.147802
209.600000 -0.147731
209.700000 -0.147661
209.800000 -0.147590
209.900000 -0.147519
210.000000 -0.147449
210.100000 -0.147378
210.200000 -0.147308
210.300000 -0.147238
210.400000 -0.147168
210.500000 -0.147097
210.600000 -0.147027
210.700000 -0.146957
210.800000 -0.146887
210.900000 -0.146817
211.000000 -0.146748
211.100000 -0.146678
211.200000 -0.146608
211.300000 -0.146539
211.400000 -0.146469
211.500000 -0.146400
211.600000 -0.146330
211.700000 -0.146261
211.800000 -0.146192
211.900000 -0.146122
212.000000 -0.146053
212.100000 -0.145984
212.200000 -0.145915
212.300000 -0.145846
212.400000 -0.145778
212.500000 -0.145709
212.600000 -0.145640
212.700000 -0.145571
212.800000 -0.145503
212.900000 -0.145434
213.000000 -0.145366
213.100000 -0.145298
213.200000 -0.145229
213.300000 -0.145161
213.400000 -0.145093
213.500000 -0.145025
213.600000 -0.144957
213.700000 -0.144889
213.800000 -0.144821
213.900000 -0.144753
214.000000 -0.144685
214.100000 -0.144618
214.200000 -0.144550
214.300000 -0.144482
214.400000 -0.144415
214.500000 -0.144347
214.600000 -0.144280
214.700000 -0.144213
214.800000 -0.144146
214.900000 -0.144078
215.000000 -0.144011
215.100000 -0.143944
215.200000 -0.143877
215.300000 -0.143810
215.400000 -0.143744
215.500000 -0.143677
215.600000 -0.143610
215.700000 -0.143544
215.800000 -0.143477
215.900000 -0.143410
216.000000 -0.143344
216.100000 -0.143278
216.200000 -0.143211
216.300000 -0.143145
216.400000 -0.143079
216.500000 -0.143013
216.600000 -0.142947
216.700000 -0.142881
216.800000 -0.142815
216.900000 -0.142749
217.000000 -0.142683
217.100000 -0.142617
217.200000 -0.142552
217.300000 -0.142486
217.400000 -0.142421
217.500000 -0.142355
217.600000 -0.142290
217.700000 -0.142224
217.800000 -0.142159
217.900000 -0.142094
218.000000 -0.142029
218.100000 -0.141964
218.200000 -0.141899
218.300000 -0.141834
218.400000 -0.141769
218.500000 -0.141704
218.600000 -0.141639
218.700000 -0.141574
218.800000 -0.141510
218.900000 -0.141445
219.000000 -0.141381
219.100000 -0.141316
219.200000 -0.141252
219.300000 -0.141187
219.400000 -0.141123
219.500000 -0.141059
219.600000 -0.140995
219.700000 -0.140931
219.800000 -0.140867
219.900000 -0.140803
220.000000 -0.140739
220.100000 -0.140675
220.200000 -0.140611
220.300000 -0.140547
220.400000 -0.140484
220.500000 -0.140420
220.600000 -0.140356
220.700000 -0.140293
220.800000 -0.140230
220.900000 -0.140166
221.000000 -0.140103
221.100000 -0.140040
221.200000 -0.139976
221.300000 -0.139913
221.400000 -0.139850
221.500000 -0.139787
221.600000 -0.139724
221.700000 -0.139661
221.800000 -0.139599
221.900000 -0.139536
222.000000 -0.139473
222.100000 -0.139411
222.200000 -0.139348
222.300000 -0.139285
222.400000 -0.139223
222.500000 -0.139161
222.600000 -0.139098
222.700000 -0.139036
222.800000 -0.138974
222.900000 -0.138912
223.000000 -0.138849
223.100000 -0.138787
223.200000 -0.138725
223.300000 -0.138663
223.400000 -0.138602
223.500000 -0.138540
223.600000 -0.138478
223.700000 -0.138416
223.800000 -0.138355
223.900000 -0.138293
224.000000 -0.138232
224.100000 -0.138170
224.200000 -0.138109
224.300000 -0.138047
224.400000 -0.137986
224.500000 -0.137925
224.600000 -0.137864
224.700000 -0.137802
224.800000 -0.137741
224.900000 -0.137680
225.000000 -0.137619
225.100000 -0.137558
225.200000 -0.137498
225.300000 -0.137437
225.400000 -0.137376
225.500000 -0.137315
225.600000 -0.137255
225.700000 -0.137194
225.800000 -0.137134
225.900000 -0.137073
226.000000 -0.137013
226.100000 -0.136953
226.200000 -0.136892
226.300000 -0.136832
226.400000 -0.136772
226.500000 -0.136712
226.600000 -0.136652
226.700000 -0.136592
226.800000 -0.136532
226.900000 -0.136472
227.000000 -0.136412
227.100000 -0.136352
227.200000 -0.136293
227.300000 -0.136233
227.400000 -0.136173
227.500000 -0.136114
227.600000 -0.136054
227.700000 -0.135995
227.800000 -0.135936
227.900000 -0.135876
228.000000 -0.135817
228.100000 -0.135758
228.200000 -0.135699
228.300000 -0.135640
228.400000 -0.135580
228.500000 -0.135521
228.600000 -0.135462
228.700000 -0.135404
228.800000 -0.135345
228.900000 -0.135286
229.000000 -0.135227
229.100000 -0.135169
229.200000 -0.135110
229.300000 -0.135051
229.400000 -0.134993
229.500000 -0.134934
229.600000 -0.134876
229.700000 -0.134818
229.800000 -0.134759
229.900000 -0.134701
230.000000 -0.134643
230.100000 -0.134585
230.200000 -0.134527
230.300000 -0.134469
230.400000 -0.134411
230.500000 -0.134353
230.600000 -0.134295
230.700000 -0.134237
230.800000 -0.134179
230.900000 -0.134122
231.000000 -0.134064
231.100000 -0.134006
231.200000 -0.133949
231.300000 -0.133891
231.400000 -0.133834
231.500000 -0.133776
231.600000 -0.133719
231.700000 -0.133662
231.800000 -0.133604
231.900000 -0.133547
232.000000 -0.133490
232.100000 -0.133433
232.200000 -0.133376
232.300000 -0.133319
232.400000 -0.133262
232.500000 -0.133205
232.600000 -0.133148
232.700000 -0.133092
232.800000 -0.133035
232.900000 -0.132978
233.000000 -0.132922
233.100000 -0.132865
233.200000 -0.132808
233.300000 -0.132752
233.400000 -0.132696
233.500000 -0.132639
233.600000 -0.132583
233.700000 -0.132527
233.800000 -0.132470
233.900000 -0.132414
234.000000 -0.132358
234.100000 -0.132302
234.200000 -0.132246
234.300000 -0.132190
234.400000 -0.132134
234.500000 -0.132078
234.600000 -0.132022
234.700000 -0.131967
234.800000 -0.131911
234.900000 -0.131855
235.000000 -0.131800
235.100000 -0.131744
235.200000 -0.131689
235.300000 -0.131633
235.400000 -0.131578
235.500000 -0.131522
235.600000 -0.131467
235.700000 -0.131412
235.800000 -0.131356
235.900000 -0.131301
236.000000 -0.131246
236.100000 -0.131191
236.200000 -0.131136
236.300000 -0.131081
236.400000 -0.131026
236.500000 -0.130971
236.600000 -0.130916
236.700000 -0.130862
236.800000 -0.130807
236.900000 -0.130752
237.000000 -0.130698
237.100000 -0.130643
237.200000 -0.130589
237.300000 -0.130534
237.400000 -0.130480
237.500000 -0.130425
237.600000 -0.130371
237.700000 -0.130317
237.800000 -0.130262
237.900000 -0.130208
238.000000 -0.130154
238.100000 -0.130100
238.200000 -0.130046
238.300000 -0.129992
238.400000 -0.129938
238.500000 -0.129884
238.600000 -0.129830
238.700000 -0.129776
238.800000 -0.129722
238.900000 -0.129669
239.000000 -0.129615
239.100000 -0.129561
239.200000 -0.129508
239.300000 -0.129454
239.400000 -0.129401
239.500000 -0.129347
239.600000 -0.129294
239.700000 -0.129241
239.800000 -0.129187
239.900000 -0.129134
240.000000 -0.129081
240.100000 -0.129028
240.200000 -0.128975
240.300000 -0.128922
240.400000 -0.128869
240.500000 -0.128816
240.600000 -0.128763
240.700000 -0.128710
240.800000 -0.128657
240.900000 -0.128604
241.000000 -0.128551
241.100000 -0.128499
241.200000 -0.128446
241.300000 -0.128393
241.400000 -0.128341
241.500000 -0.128288
241.600000 -0.128236
241.700000 -0.128183
241.800000 -0.128131
241.900000 -0.128079
242.000000 -0.128026
242.100000 -0.127974
242.200000 -0.127922
242.300000 -0.127870
242.400000 -0.127818
242.500000 -0.127766
242.600000 -0.127714
242.700000 -0.127662
242.800000 -0.127610
242.900000 -0.127558
243.000000 -0.127506
243.100000 -0.127454
243.200000 -0.127402
243.300000 -0.127351
243.400000 -0.127299
243.500000 -0.127247
243.600000 -0.127196
243.700000 -0.127144
243.800000 -0.127093
243.900000 -0.127041
244.000000 -0.126990
244.100000 -0.126939
244.200000 -0.126887
244.300000 -0.126836
244.400000 -0.126785
244.500000 -0.126734
244.600000 -0.126683
244.700000 -0.126632
244.800000 -0.126581
244.900000 -0.126530
245.000000 -0.126479
245.100000 -0.126428
245.200000 -0.126377
245.300000 -0.126326
245.400000 -0.126275
245.500000 -0.126224
245.600000 -0.126174
245.700000 -0.126123
245.800000 -0.126073
245.900000 -0.126022
246.000000 -0.125971
246.100000 -0.125921
246.200000 -0.125871
246.300000 -0.125820
246.400000 -0.125770
246.500000 -0.125719
246.600000 -0.125669
246.700000 -0.125619
246.800000 -0.125569
246.900000 -0.125519
247.000000 -0.125469
247.100000 -0.125419
247.200000 -0.125369
247.300000 -0.125319
247.400000 -0.125269
247.500000 -0.125219
247.600000 -0.125169
247.700000 -0.125119
247.800000 -0.125069
247.900000 -0.125020
248.000000 -0.124970
248.100000 -0.124920
248.200000 -0.124871
248.300000 -0.124821
248.400000 -0.124772
248.500000 -0.124722
248.600000 -0.124673
248.700000 -0.124624
248.800000 -0.124574
248.900000 -0.124525
249.000000 -0.124476
249.100000 -0.124426
249.200000 -0.124377
249.300000 -0.124328
249.400000 -0.124279
249.500000 -0.124230
249.600000 -0.124181
249.700000 -0.124132
249.800000 -0.124083
249.900000 -0.124034
250.000000 -0.123985
250.100000 -0.123937
250.200000 -0.123888
250.300000 -0.123839
250.400000 -0.123790
250.500000 -0.123742
250.600000 -0.123693
250.700000 -0.123645
250.800000 -0.123596
250.900000 -0.123548
251.000000 -0.123499
251.100000 -0.123451
251.200000 -0.123403
251.300000 -0.123354
251.400000 -0.123306
251.500000 -0.123258
251.600000 -0.123210
251.700000 -0.123161
251.800000 -0.123113
251.900000 -0.123065
252.000000 -0.123017
252.100000 -0.122969
252.200000 -0.122921
252.300000 -0.122873
252.400000 -0.122826
252.500000 -0.122778
252.600000 -0.122730
252.700000 -0.122682
252.800000 -0.122634
252.900000 -0.122587
253.000000 -0.122539
253.100000 -0.122492
253.200000 -0.122444
253.300000 -0.122396
253.400000 -0.122349
253.500000 -0.122302
253.600000 -0.122254
253.700000 -0.122207
253.800000 -0.122159
253.900000 -0.122112
254.000000 -0.122065
254.100000 -0.122018
254.200000 -0.121971
254.300000 -0.121923
254.400000 -0.121876
254.500000 -0.121829
254.600000 -0.121782
254.700000 -0.121735
254.800000 -0.121688
254.900000 -0.121642
255.000000 -0.121595
255.100000 -0.121548
255.200000 -0.121501
255.300000 -0.121454
255.400000 -0.121408
255.500000 -0.121361
255.600000 -0.121314
255.700000 -0.121268
255.800000 -0.121221
255.900000 -0.121175
256.000000 -0.121128
256.100000 -0.121082
256.200000 -0.121035
256.300000 -0.120989
256.400000 -0.120943
256.500000 -0.120897
256.600000 -0.120850
256.700000 -0.120804
256.800000 -0.120758
256.900000 -0.120712
257.000000 -0.120666
257.100000 -0.120620
257.200000 -0.120574
257.300000 -0.120528
257.400000 -0.120482
257.500000 -0.120436
257.600000 -0.120390
257.700000 -0.120344
257.800000 -0.120298
257.900000 -0.120253
258.000000 -0.120207
258.100000 -0.120161
258.200000 -0.120116
258.300000 -0.120070
258.400000 -0.120024
258.500000 -0.119979
258.600000 -0.119933
258.700000 -0.119888
258.800000 -0.119842
258.900000 -0.119797
259.000000 -0.119752
259.100000 -0.119706
259.200000 -0.119661
259.300000 -0.119616
259.400000 -0.119571
259.500000 -0.119526
259.600000 -0.119480
259.700000 -0.119435
259.800000 -0.119390
259.900000 -0.119345
260.000000 -0.119300
260.100000 -0.119255
260.200000 -0.119210
260.300000 -0.119166
260.400000 -0.119121
260.500000 -0.119076
260.600000 -0.119031
260.700000 -0.118986
260.800000 -0.118942
260.900000 -0.118897
261.000000 -0.118852
261.100000 -0.118808
261.200000 -0.118763
261.300000 -0.118719
261.400000 -0.118674
261.500000 -0.118630
261.600000 -0.118585
261.700000 -0.118541
261.800000 -0.118497
261.900000 -0.118452
262.000000 -0.118408
262.100000 -0.118364
262.200000 -0.118320
262.300000 -0.118276
262.400000 -0.118231
262.500000 -0.118187
262.600000 -0.118143
262.700000 -0.118099
262.800000 -0.118055
262.900000 -0.118011
263.000000 -0.117967
263.100000 -0.117923
263.200000 -0.117880
263.300000 -0.117836
263.400000 -0.117792
263.500000 -0.117748
263.600000 -0.117705
263.700000 -0.117661
263.800000 -0.117617
263.900000 -0.117574
264.000000 -0.117530
264.100000 -0.117487
264.200000 -0.117443
264.300000 -0.117400
264.400000 -0.117356
264.500000 -0.117313
264.600000 -0.117269
264.700000 -0.117226
264.800000 -0.117183
264.900000 -0.117140
265.000000 -0.117096
265.100000 -0.117053
265.200000 -0.117010
265.300000 -0.116967
265.400000 -0.116924
265.500000 -0.116881
265.600000 -0.116838
265.700000 -0.116795
265.800000 -0.116752
265.900000 -0.116709
266.000000 -0.116666
266.100000 -0.116623
266.200000 -0.116580
266.300000 -0.116537
266.400000 -0.116495
266.500000 -0.116452
266.600000 -0.116409
266.700000 -0.116367
266.800000 -0.116324
266.900000 -0.116281
267.000000 -0.116239
267.100000 -0.116196
267.200000 -0.116154
267.300000 -0.116111
267.400000 -0.116069
267.500000 -0.116027
267.600000 -0.115984
267.700000 -0.115942
267.800000 -0.115900
267.900000 -0.115857
268.000000 -0.115815
268.100000 -0.115773
268.200000 -0.115731
268.300000 -0.115689
268.400000 -0.115647
268.500000 -0.115605
268.600000 -0.115563
268.700000 -0.115521
268.800000 -0.115479
268.900000 -0.115437
269.000000 -0.115395
269.100000 -0.115353
269.200000 -0.115311
269.300000 -0.115269
269.400000 -0.115228
269.500000 -0.115186
269.600000 -0.115144
269.700000 -0.115102
269.800000 -0.115061
269.900000 -0.115019
270.000000 -0.114978
270.100000 -0.114936
270.200000 -0.114895
270.300000 -0.114853
270.400000 -0.114812
270.500000 -0.114770
270.600000 -0.114729
270.700000 -0.114688
270.800000 -0.114646
270.900000 -0.114605
271.000000 -0.114564
271.100000 -0.114523
271.200000 -0.114481
271.300000 -0.114440
271.400000 -0.114399
271.500000 -0.114358
271.600000 -0.114317
271.700000 -0.114276
271.800000 -0.114235
271.900000 -0.114194
272.000000 -0.114153
272.100000 -0.114112
272.200000 -0.114071
272.300000 -0.114030
272.400000 -0.113990
272.500000 -0.113949
272.600000 -0.113908
272.700000 -0.113867
272.800000 -0.113827
272.900000 -0.113786
273.000000 -0.113745
273.100000 -0.113705
273.200000 -0.113664
273.300000 -0.113624
273.400000 -0.113583
273.500000 -0.113543
273.600000 -0.113502
273.700000 -0.113462
273.800000 -0.113422
273.900000 -0.113381
274.000000 -0.113341
274.100000 -0.113301
274.200000 -0.113260
274.300000 -0.113220
274.400000 -0.113180
274.500000 -0.113140
274.600000 -0.113100
274.700000 -0.113060
274.800000 -0.113019
274.900000 -0.112979
275.000000 -0.112939
275.100000 -0.112899
275.200000 -0.112860
275.300000 -0.112820
275.400000 -0.112780
275.500000 -0.112740
275.600000 -0.112700
275.700000 -0.112660
275.800000 -0.112620
275.900000 -0.112581
276.000000 -0.112541
276.100000 -0.112501
276.200000 -0.112462
276.300000 -0.112422
276.400000 -0.112383
276.500000 -0.112343
276.600000 -0.112303
276.700000 -0.112264
276.800000 -0.112224
276.900000 -0.112185
277.000000 -0.112146
277.100000 -0.112106
277.200000 -0.112067
277.300000 -0.112028
277.400000 -0.111988
277.500000 -0.111949
277.600000 -0.111910
277.700000 -0.111871
277.800000 -0.111831
277.900000 -0.111792
278.000000 -0.111753
278.100000 -0.111714
278.200000 -0.111675
278.300000 -0.111636
278.400000 -0.111597
278.500000 -0.111558
278.600000 -0.111519
278.700000 -0.111480
278.800000 -0.111441
278.900000 -0.111403
279.000000 -0.111364
279.100000 -0.111325
279.200000 -0.111286
279.300000 -0.111247
279.400000 -0.111209
279.500000 -0.111170
279.600000 -0.111131
279.700000 -0.111093
279.800000 -0.111054
279.900000 -0.111016
280.000000 -0.110977
280.100000 -0.110939
280.200000 -0.110900
280.300000 -0.110862
280.400000 -0.110823
280.500000 -0.110785
280.600000 -0.110747
280.700000 -0.110708
280.800000 -0.110670
280.900000 -0.110632
281.000000 -0.110593
281.100000 -0.110555
281.200000 -0.110517
281.300000 -0.110479
281.400000 -0.110441
281.500000 -0.110403
281.600000 -0.110365
281.700000 -0.110327
281.800000 -0.110289
281.900000 -0.110251
282.000000 -0.110213
282.100000 -0.110175
282.200000 -0.110137
282.300000 -0.110099
282.400000 -0.110061
282.500000 -0.110023
282.600000 -0.109985
282.700000 -0.109948
282.800000 -0.109910
282.900000 -0.109872
283.000000 -0.109834
283.100000 -0.109797
283.200000 -0.109759
283.300000 -0.109722
283.400000 -0.109684
283.500000 -0.109647
283.600000 -0.109609
283.700000 -0.109572
283.800000 -0.109534
283.900000 -0.109497
284.000000 -0.109459
284.100000 -0.109422
284.200000 -0.109384
284.300000 -0.109347
284.400000 -0.109310
284.500000 -0.109273
284.600000 -0.109235
284.700000 -0.109198
284.800000 -0.109161
284.900000 -0.109124
285.000000 -0.109087
285.100000 -0.109050
285.200000 -0.109012
285.300000 -0.108975
285.400000 -0.108938
285.500000 -0.108901
285.600000 -0.108864
285.700000 -0.108827
285.800000 -0.108791
285.900000 -0.108754
286.000000 -0.108717
286.100000 -0.108680
286.200000 -0.108643
286.300000 -0.108606
286.400000 -0.108570
286.500000 -0.108533
286.600000 -0.108496
286.700000 -0.108460
286.800000 -0.108423
286.900000 -0.108386
287.000000 -0.108350
287.100000 -0.108313
287.200000 -0.108277
287.300000 -0.108240
287.400000 -0.108204
287.500000 -0.108167
287.600000 -0.108131
287.700000 -0.108094
287.800000 -0.108058
287.900000 -0.108022
288.000000 -0.107985
288.100000 -0.107949
288.200000 -0.107913
288.300000 -0.107876
288.400000 -0.107840
288.500000 -0.107804
288.600000 -0.107768
288.700000 -0.107732
288.800000 -0.107695
288.900000 -0.107659
289.000000 -0.107623
289.100000 -0.107587
289.200000 -0.107551
289.300000 -0.107515
289.400000 -0.107479
289.500000 -0.107443
289.600000 -0.107407
289.700000 -0.107372
289.800000 -0.107336
289.900000 -0.107300
290.000000 -0.107264
290.100000 -0.107228
290.200000 -0.107193
290.300000 -0.107157
290.400000 -0.107121
290.500000 -0.107085
290.600000 -0.107050
290.700000 -0.107014
290.800000 -0.106978
290.900000 -0.106943
291.000000 -0.106907
291.100000 -0.106872
291.200000 -0.106836
291.300000 -0.106801
291.400000 -0.106765
291.500000 -0.106730
291.600000 -0.106695
291.700000 -0.106659
291.800000 -0.106624
291.900000 -0.106589
292.000000 -0.106553
292.100000 -0.106518
292.200000 -0.106483
292.300000 -0.106447
292.400000 -0.106412
292.500000 -0.106377
292.600000 -0.106342
292.700000 -0.106307
292.800000 -0.106272
292.900000 -0.106237
293.000000 -0.106202
293.100000 -0.106167
293.200000 -0.106132
293.300000 -0.106097
293.400000 -0.106062
293.500000 -0.106027
293.600000 -0.105992
293.700000 -0.105957
293.800000 -0.105922
293.900000 -0.105887
294.000000 -0.105852
294.100000 -0.105818
294.200000 -0.105783
294.300000 -0.105748
294.400000 -0.105713
294.500000 -0.105679
294.600000 -0.105644
294.700000 -0.105610
294.800000 -0.105575
294.900000 -0.105540
295.000000 -0.105506
295.100000 -0.105471
295.200000 -0.105437
295.300000 -0.105402
295.400000 -0.105368
295.500000 -0.105333
295.600000 -0.105299
295.700000 -0.105265
295.800000 -0.105230
295.900000 -0.105196
296.000000 -0.105162
296.100000 -0.105127
296.200000 -0.105093
296.300000 -0.105059
296.400000 -0.105024
296.500000 -0.104990
296.600000 -0.104956
296.700000 -0.104922
296.800000 -0.104888
296.900000 -0.104854
297.000000 -0.104820
297.100000 -0.104786
297.200000 -0.104752
297.300000 -0.104718
297.400000 -0.104684
297.500000 -0.104650
297.600000 -0.104616
297.700000 -0.104582
297.800000 -0.104548
297.900000 -0.104514
298.000000 -0.104480
298.100000 -0.104446
298.200000 -0.104413
298.300000 -0.104379
298.400000 -0.104345
298.500000 -0.104311
298.600000 -0.104278
298.700000 -0.104244
298.800000 -0.104210
298.900000 -0.104177
299.000000 -0.104143
299.100000 -0.104110
299.200000 -0.104076
299.300000 -0.104042
299.400000 -0.104009
299.500000 -0.103976
299.600000 -0.103942
299.700000 -0.103909
299.800000 -0.103875
299.900000 -0.103842
300.000000 -0.103808
300.100000 -0.103775
300.200000 -0.103742
300.300000 -0.103708
300.400000 -0.103675
300.500000 -0.103642
300.600000 -0.103609
300.700000 -0.103575
300.800000 -0.103542
300.900000 -0.103509
301.000000 -0.103476
301.100000 -0.103443
301.200000 -0.103410
301.300000 -0.103344
301.400000 -0.103311
301.500000 -0.103278
301.600000 -0.103245
301.700000 -0.103212
301.800000 -0.103179
301.900000 -0.103146
302.000000 -0.103113
302.100000 -0.103080
302.200000 -0.103047
302.300000 -0.103014
302.400000 -0.102982
302.500000 -0.102949
302.600000 -0.102916
302.700000 -0.102883
302.800000 -0.102851
302.900000 -0.102818
303.000000 -0.102785
303.100000 -0.102753
303.200000 -0.102720
303.300000 -0.102687
303.400000 -0.102655
303.500000 -0.102622
303.600000 -0.102590
303.700000 -0.102557
303.800000 -0.102525
303.900000 -0.102492
304.000000 -0.102460
304.100000 -0.102427
304.200000 -0.102395
304.300000 -0.102363
304.400000 -0.102330
304.500000 -0.102298
304.600000 -0.102266
304.700000 -0.102233
304.800000 -0.102201
304.900000 -0.102169
305.000000 -0.102137
305.100000 -0.102105
305.200000 -0.102072
305.300000 -0.102040
305.400000 -0.102008
305.500000 -0.101976
305.600000 -0.101944
305.700000 -0.101912
305.800000 -0.101880
305.900000 -0.101848
306.000000 -0.101816
306.100000 -0.101784
306.200000 -0.101752
306.300000 -0.101720
306.400000 -0.101688
306.500000 -0.101656
306.600000 -0.101624
306.700000 -0.101592
306.800000 -0.101560
306.900000 -0.101529
307.000000 -0.101497
307.100000 -0.101465
307.200000 -0.101433
307.300000 -0.101402
307.400000 -0.101370
307.500000 -0.101338
307.600000 -0.101307
307.700000 -0.101275
307.800000 -0.101243
307.900000 -0.101212
308.000000 -0.101180
308.100000 -0.101149
308.200000 -0.101117
308.300000 -0.101086
308.400000 -0.101054
308.500000 -0.101023
308.600000 -0.100991
308.700000 -0.100960
308.800000 -0.100928
308.900000 -0.100897
309.000000 -0.100866
309.100000 -0.100834
309.200000 -0.100803
309.300000 -0.100772
309.400000 -0.100740
309.500000 -0.100709
309.600000 -0.100678
309.700000 -0.100647
309.800000 -0.100616
309.900000 -0.100584
310.000000 -0.100553
310.100000 -0.100522
310.200000 -0.100491
310.300000 -0.100460
310.400000 -0.100429
310.500000 -0.100398
310.600000 -0.100367
310.700000 -0.100336
310.800000 -0.100305
310.900000 -0.100274
311.000000 -0.100243
311.100000 -0.100212
311.200000 -0.100181
311.300000 -0.100150
311.400000 -0.100119
311.500000 -0.100089
311.600000 -0.100058
311.700000 -0.100027
311.800000 -0.099996
311.900000 -0.099965
312.000000 -0.099935
312.100000 -0.099904
312.200000 -0.099873
312.300000 -0.099843
312.400000 -0.099812
312.500000 -0.099781
312.600000 -0.099751
312.700000 -0.099720
312.800000 -0.099689
312.900000 -0.099659
313.000000 -0.099628
313.100000 -0.099598
313.200000 -0.099567
313.300000 -0.099537
313.400000 -0.099506
313.500000 -0.099476
313.600000 -0.099446
313.700000 -0.099415
313.800000 -0.099385
313.900000 -0.099354
314.000000 -0.099324
314.100000 -0.099294
314.200000 -0.099264
314.300000 -0.099233
314.400000 -0.099203
314.500000 -0.099173
314.600000 -0.099143
314.700000 -0.099112
314.800000 -0.099082
314.900000 -0.099052
315.000000 -0.099022
315.100000 -0.098992
315.200000 -0.098962
315.300000 -0.098932
315.400000 -0.098902
315.500000 -0.098872
315.600000 -0.098842
315.700000 -0.098812
315.800000 -0.098782
315.900000 -0.098752
316.000000 -0.098722
316.100000 -0.098692
316.200000 -0.098662
316.300000 -0.098632
316.400000 -0.098602
316.500000 -0.098572
316.600000 -0.098543
316.700000 -0.098513
316.800000 -0.098483
316.900000 -0.098453
317.000000 -0.098423
317.100000 -0.098394
317.200000 -0.098364
317.300000 -0.098334
317.400000 -0.098305
317.500000 -0.098275
317.600000 -0.098245
317.700000 -0.098216
317.800000 -0.098186
317.900000 -0.098157
318.000000 -0.098127
318.100000 -0.098098
318.200000 -0.098068
318.300000 -0.098039
318.400000 -0.098009
318.500000 -0.097980
318.600000 -0.097950
318.700000 -0.097921
318.800000 -0.097891
318.900000 -0.097862
319.000000 -0.097833
319.100000 -0.097803
319.200000 -0.097774
319.300000 -0.097745
319.400000 -0.097716
319.500000 -0.097686
319.600000 -0.097657
319.700000 -0.097628
319.800000 -0.097599
319.900000 -0.097569
320.000000 -0.097540
320.100000 -0.097511
320.200000 -0.097482
320.300000 -0.097453
320.400000 -0.097424
320.500000 -0.097395
320.600000 -0.097366
320.700000 -0.097337
320.800000 -0.097308
320.900000 -0.097279
321.000000 -0.097250
321.100000 -0.097221
321.200000 -0.097192
321.300000 -0.097163
321.400000 -0.097134
321.500000 -0.097105
321.600000 -0.097076
321.700000 -0.097047
321.800000 -0.097019
321.900000 -0.096990
322.000000 -0.096961
322.100000 -0.096932
322.200000 -0.096903
322.300000 -0.096875
322.400000 -0.096846
322.500000 -0.096817
322.600000 -0.096789
322.700000 -0.096760
322.800000 -0.096731
322.900000 -0.096703
323.000000 -0.096674
323.100000 -0.096646
323.200000 -0.096617
323.300000 -0.096588
323.400000 -0.096560
323.500000 -0.096531
323.600000 -0.096503
323.700000 -0.096474
323.800000 -0.096446
323.900000 -0.096418
324.000000 -0.096389
324.100000 -0.096361
324.200000 -0.096332
324.300000 -0.096304
324.400000 -0.096276
324.500000 -0.096247
324.600000 -0.096219
324.700000 -0.096191
324.800000 -0.096162
324.900000 -0.096134
325.000000 -0.096106
325.100000 -0.096078
325.200000 -0.096049
325.300000 -0.096021
325.400000 -0.095993
325.500000 -0.095965
325.600000 -0.095937
325.700000 -0.095909
325.800000 -0.095881
325.900000 -0.095853
326.000000 -0.095824
326.100000 -0.095796
326.200000 -0.095768
326.300000 -0.095740
326.400000 -0.095712
326.500000 -0.095684
326.600000 -0.095656
326.700000 -0.095629
326.800000 -0.095601
326.900000 -0.095573
327.000000 -0.095545
327.100000 -0.095517
327.200000 -0.095489
327.300000 -0.095461
327.400000 -0.095433
327.500000 -0.095406
327.600000 -0.095378
327.700000 -0.095350
327.800000 -0.095322
327.900000 -0.095295
328.000000 -0.095267
328.100000 -0.095239
328.200000 -0.095212
328.300000 -0.095184
328.400000 -0.095156
328.500000 -0.095129
328.600000 -0.095101
328.700000 -0.095074
328.800000 -0.095046
328.900000 -0.095018
329.000000 -0.094991
329.100000 -0.094963
329.200000 -0.094936
329.300000 -0.094908
329.400000 -0.094881
329.500000 -0.094853
329.600000 -0.094826
329.700000 -0.094799
329.800000 -0.094771
329.900000 -0.094744
330.000000 -0.094717
330.100000 -0.094689
330.200000 -0.094662
330.300000 -0.094635
330.400000 -0.094607
330.500000 -0.094580
330.600000 -0.094553
330.700000 -0.094525
330.800000 -0.094498
330.900000 -0.094471
331.000000 -0.094444
331.100000 -0.094417
331.200000 -0.094390
331.300000 -0.094362
331.400000 -0.094335
331.500000 -0.094308
331.600000 -0.094281
331.700000 -0.094254
331.800000 -0.094227
331.900000 -0.094200
332.000000 -0.094173
332.100000 -0.094146
332.200000 -0.094119
332.300000 -0.094092
332.400000 -0.094065
332.500000 -0.094038
332.600000 -0.094011
332.700000 -0.093984
332.800000 -0.093957
332.900000 -0.093930
333.000000 -0.093904
333.100000 -0.093877
333.200000 -0.093850
333.300000 -0.093823
333.400000 -0.093796
333.500000 -0.093770
333.600000 -0.093743
333.700000 -0.093716
333.800000 -0.093689
333.900000 -0.093663
334.000000 -0.093636
334.100000 -0.093609
334.200000 -0.093583
334.300000 -0.093556
334.400000 -0.093529
334.500000 -0.093503
334.600000 -0.093476
334.700000 -0.093450
334.800000 -0.093423
334.900000 -0.093397
335.000000 -0.093370
335.100000 -0.093344
335.200000 -0.093317
335.300000 -0.093291
335.400000 -0.093264
335.500000 -0.093238
335.600000 -0.093211
335.700000 -0.093185
335.800000 -0.093159
335.900000 -0.093132
336.000000 -0.093106
336.100000 -0.093079
336.200000 -0.093053
336.300000 -0.093027
336.400000 -0.093001
336.500000 -0.092974
336.600000 -0.092948
336.700000 -0.092922
336.800000 -0.092896
336.900000 -0.092869
337.000000 -0.092843
337.100000 -0.092817
337.200000 -0.092791
337.300000 -0.092765
337.400000 -0.092738
337.500000 -0.092712
337.600000 -0.092686
337.700000 -0.092660
337.800000 -0.092634
337.900000 -0.092608
338.000000 -0.092582
338.100000 -0.092556
338.200000 -0.092530
338.300000 -0.092504
338.400000 -0.092478
338.500000 -0.092452
338.600000 -0.092426
338.700000 -0.092400
338.800000 -0.092374
338.900000 -0.092348
339.000000 -0.092323
339.100000 -0.092297
339.200000 -0.092271
339.300000 -0.092245
339.400000 -0.092219
339.500000 -0.092193
339.600000 -0.092168
339.700000 -0.092142
339.800000 -0.092116
339.900000 -0.092090
340.000000 -0.092065
340.100000 -0.092039
340.200000 -0.092013
340.300000 -0.091988
340.400000 -0.091962
340.500000 -0.091936
340.600000 -0.091911
340.700000 -0.091885
340.800000 -0.091859
340.900000 -0.091834
341.000000 -0.091808
341.100000 -0.091783
341.200000 -0.091757
341.300000 -0.091732
341.400000 -0.091706
341.500000 -0.091681
341.600000 -0.091655
341.700000 -0.091630
341.800000 -0.091604
341.900000 -0.091579
342.000000 -0.091554
342.100000 -0.091528
342.200000 -0.091503
342.300000 -0.091477
342.400000 -0.091452
342.500000 -0.091427
342.600000 -0.091401
342.700000 -0.091376
342.800000 -0.091351
342.900000 -0.091326
343.000000 -0.091300
343.100000 -0.091275
343.200000 -0.091250
343.300000 -0.091225
343.400000 -0.091199
343.500000 -0.091174
343.600000 -0.091149
343.700000 -0.091124
343.800000 -0.091099
343.900000 -0.091074
344.000000 -0.091049
344.100000 -0.091023
344.200000 -0.090998
344.300000 -0.090973
344.400000 -0.090948
344.500000 -0.090923
344.600000 -0.090898
344.700000 -0.090873
344.800000 -0.090848
344.900000 -0.090823
345.000000 -0.090798
345.100000 -0.090773
345.200000 -0.090748
345.300000 -0.090724
345.400000 -0.090699
345.500000 -0.090674
345.600000 -0.090649
345.700000 -0.090624
345.800000 -0.090599
345.900000 -0.090574
346.000000 -0.090550
346.100000 -0.090525
346.200000 -0.090500
346.300000 -0.090475
346.400000 -0.090451
346.500000 -0.090426
346.600000 -0.090401
346.700000 -0.090376
346.800000 -0.090352
346.900000 -0.090327
347.000000 -0.090302
347.100000 -0.090278
347.200000 -0.090253
347.300000 -0.090229
347.400000 -0.090204
347.500000 -0.090179
347.600000 -0.090155
347.700000 -0.090130
347.800000 -0.090106
347.900000 -0.090081
348.000000 -0.090057
348.100000 -0.090032
348.200000 -0.090008
348.300000 -0.089983
348.400000 -0.089959
348.500000 -0.089934
348.600000 -0.089910
348.700000 -0.089885
348.800000 -0.089861
348.900000 -0.089837
349.000000 -0.089812
349.100000 -0.089788
349.200000 -0.089764
349.300000 -0.089739
349.400000 -0.089715
349.500000 -0.089691
349.600000 -0.089666
349.700000 -0.089642
349.800000 -0.089618
349.900000 -0.089594
