1.000000 0.000000
1.100000 0.000000
1.200000 0.000000
1.300000 0.000000
1.400000 0.000000
1.500000 0.000000
1.600000 0.000000
1.700000 0.000000
1.800000 0.000000
1.900000 0.000000
2.000000 0.000000
2.100000 0.000000
2.200000 0.000000
2.300000 0.000000
2.400000 0.000000
2.500000 0.000000
2.600000 0.000000
2.700000 0.000000
2.800000 0.000000
2.900000 0.000000
3.000000 0.000000
3.100000 0.000000
3.200000 0.000000
3.300000 0.000000
3.400000 0.000000
3.500000 0.000000
3.600000 0.000000
3.700000 0.000000
3.800000 0.000000
3.900000 0.000000
4.000000 0.000000
4.100000 0.000000
4.200000 0.000000
4.300000 0.000000
4.400000 0.000000
4.500000 0.000000
4.600000 0.000000
4.700000 0.000000
4.800000 0.000000
4.900000 0.000000
5.000000 0.000000
5.100000 0.000000
5.200000 0.000000
5.300000 0.000000
5.400000 0.000000
5.500000 0.000000
5.600000 0.000000
5.700000 0.000000
5.800000 0.000000
5.900000 0.000000
6.000000 0.000000
6.100000 0.000000
6.200000 0.000000
6.300000 0.000000
6.400000 0.000000
6.500000 0.000000
6.600000 0.000000
6.700000 0.000001
6.800000 0.000001
6.900000 0.000002
7.000000 0.000002
7.100000 0.000068
7.200000 0.000134
7.300000 0.000200
7.400000 0.000266
7.500000 0.000749
7.600000 0.001232
7.700000 0.001714
7.800000 0.002197
7.900000 0.002680
8.000000 0.003163
8.100000 0.004313
8.200000 0.005463
8.300000 0.006613
8.400000 0.007763
8.500000 0.009212
8.600000 0.010661
8.700000 0.012110
8.800000 0.013559
8.900000 0.014790
9.000000 0.016021
9.100000 0.017252
9.200000 0.018482
9.300000 0.019319
9.400000 0.020156
9.500000 0.020993
9.600000 0.021829
9.700000 0.022339
9.800000 0.022849
9.900000 0.023359
10.000000 0.023869
10.100000 0.024188
10.200000 0.024508
10.300000 0.024828
10.400000 0.025148
10.500000 0.025371
10.600000 0.025594
10.700000 0.025816
10.800000 0.026039
10.900000 0.026234
11.000000 0.026429
11.100000 0.026624
11.200000 0.026819
11.300000 0.027014
11.400000 0.027208
11.500000 0.027461
11.600000 0.027713
11.700000 0.027965
11.800000 0.028217
11.900000 0.028614
12.000000 0.029010
12.100000 0.029407
12.200000 0.029803
12.300000 0.030272
12.400000 0.030740
12.500000 0.031209
12.600000 0.031677
12.700000 0.032048
12.800000 0.032418
12.900000 0.032789
13.000000 0.033159
13.100000 0.033421
13.200000 0.033684
13.300000 0.033946
13.400000 0.034208
13.500000 0.034382
13.600000 0.034556
13.700000 0.034730
13.800000 0.034904
13.900000 0.035035
14.000000 0.035166
14.100000 0.035297
14.200000 0.035427
14.300000 0.035551
14.400000 0.035675
14.500000 0.035799
14.600000 0.035923
14.700000 0.036073
14.800000 0.036223
14.900000 0.036373
15.000000 0.036523
15.100000 0.036673
15.200000 0.036823
15.300000 0.037027
15.400000 0.037231
15.500000 0.037435
15.600000 0.037639
15.700000 0.037941
15.800000 0.038244
15.900000 0.038546
16.000000 0.038849
16.100000 0.039273
16.200000 0.039697
16.300000 0.040122
16.400000 0.040546
16.500000 0.041075
16.600000 0.041604
16.700000 0.042133
16.800000 0.042662
16.900000 0.043247
17.000000 0.043833
17.100000 0.044418
17.200000 0.045004
17.300000 0.045598
17.400000 0.046191
17.500000 0.046785
17.600000 0.047379
17.700000 0.047928
17.800000 0.048478
17.900000 0.049027
18.000000 0.049577
18.100000 0.050046
18.200000 0.050514
18.300000 0.050983
18.400000 0.051452
18.500000 0.051920
18.600000 0.052389
18.700000 0.052790
18.800000 0.053592
18.900000 0.053993
19.000000 0.054355
19.100000 0.054717
19.200000 0.055079
19.300000 0.055441
19.400000 0.055779
19.500000 0.056116
19.600000 0.056453
19.700000 0.056791
19.800000 0.057122
19.900000 0.057452
20.000000 0.057783
20.100000 0.058114
20.200000 0.058447
20.300000 0.058781
20.400000 0.059114
20.500000 0.059448
20.600000 0.059761
20.700000 0.060075
20.800000 0.060388
20.900000 0.060702
21.000000 0.060987
21.100000 0.061271
21.200000 0.061556
21.300000 0.061840
21.400000 0.062108
21.500000 0.062375
21.600000 0.062643
21.700000 0.062910
21.800000 0.063140
21.900000 0.063370
22.000000 0.063599
22.100000 0.063829
22.200000 0.064059
22.300000 0.064289
22.400000 0.064502
22.500000 0.064716
22.600000 0.064929
22.700000 0.065142
22.800000 0.065355
22.900000 0.065568
23.000000 0.065781
23.100000 0.065993
23.200000 0.066222
23.300000 0.066451
23.400000 0.066679
23.500000 0.066908
23.600000 0.067181
23.700000 0.067455
23.800000 0.067728
23.900000 0.068001
24.000000 0.068326
24.100000 0.068650
24.200000 0.068975
24.300000 0.069299
24.400000 0.069686
24.500000 0.070072
24.600000 0.070458
24.700000 0.070844
24.800000 0.071293
24.900000 0.071743
25.000000 0.072192
25.100000 0.072641
25.200000 0.073130
25.300000 0.073620
25.400000 0.074110
25.500000 0.074600
25.600000 0.075090
25.700000 0.075580
25.800000 0.076099
25.900000 0.076618
26.000000 0.077137
26.100000 0.077655
26.200000 0.078172
26.300000 0.078689
26.400000 0.079206
26.500000 0.079722
26.600000 0.080229
26.700000 0.080737
26.800000 0.081244
26.900000 0.081751
27.000000 0.082232
27.100000 0.082713
27.200000 0.083194
27.300000 0.083675
27.400000 0.084124
27.500000 0.084573
27.600000 0.085022
27.700000 0.085470
27.800000 0.085894
27.900000 0.086318
28.000000 0.086742
28.100000 0.087166
28.200000 0.087546
28.300000 0.087926
28.400000 0.088306
28.500000 0.088686
28.600000 0.089045
28.700000 0.089405
28.800000 0.089764
28.900000 0.090124
29.000000 0.090463
29.100000 0.090802
29.200000 0.091142
29.300000 0.091481
29.400000 0.091820
29.500000 0.092160
29.600000 0.092480
29.700000 0.092801
29.800000 0.093121
29.900000 0.093442
30.000000 0.093732
30.100000 0.094023
30.200000 0.094314
30.300000 0.094605
30.400000 0.094882
30.500000 0.095159
30.600000 0.095435
30.700000 0.095712
30.800000 0.095966
30.900000 0.096220
31.000000 0.096474
31.100000 0.096728
31.200000 0.096982
31.300000 0.097235
31.400000 0.097489
31.500000 0.097743
31.600000 0.097995
31.700000 0.098247
31.800000 0.098500
31.900000 0.098752
32.000000 0.098996
32.100000 0.099241
32.200000 0.099485
32.300000 0.099730
32.400000 0.100009
32.500000 0.100287
32.600000 0.100566
32.700000 0.100845
32.800000 0.101135
32.900000 0.101426
33.000000 0.101716
33.100000 0.102007
33.200000 0.102297
33.300000 0.102587
33.400000 0.102909
33.500000 0.103230
33.600000 0.103552
33.700000 0.103873
33.800000 0.104231
33.900000 0.104588
34.000000 0.104946
34.100000 0.105303
34.200000 0.105693
34.300000 0.106082
34.400000 0.106472
34.500000 0.106862
34.600000 0.107280
34.700000 0.107699
34.800000 0.108118
34.900000 0.108536
35.000000 0.108970
35.100000 0.109404
35.200000 0.109838
35.300000 0.110271
35.400000 0.110719
35.500000 0.111167
35.600000 0.111614
35.700000 0.112062
35.800000 0.112510
35.900000 0.112959
36.000000 0.113408
36.100000 0.113856
36.200000 0.114318
36.300000 0.114780
36.400000 0.115242
36.500000 0.115704
36.600000 0.116166
36.700000 0.116628
36.800000 0.117079
36.900000 0.117529
37.000000 0.117980
37.100000 0.118431
37.200000 0.118872
37.300000 0.119313
37.400000 0.119754
37.500000 0.120196
37.600000 0.120597
37.700000 0.120999
37.800000 0.121401
37.900000 0.121802
38.000000 0.122202
38.100000 0.122602
38.200000 0.123002
38.300000 0.123401
38.400000 0.123782
38.500000 0.124162
38.600000 0.124543
38.700000 0.124923
38.800000 0.125296
38.900000 0.125668
39.000000 0.126040
39.100000 0.126412
39.200000 0.126749
39.300000 0.127086
39.400000 0.127423
39.500000 0.127760
39.600000 0.128093
39.700000 0.128425
39.800000 0.128758
39.900000 0.129090
40.000000 0.129401
40.100000 0.129712
40.200000 0.130022
40.300000 0.130333
40.400000 0.130644
40.500000 0.130955
40.600000 0.131279
40.700000 0.131603
40.800000 0.131927
40.900000 0.132251
41.000000 0.132555
41.100000 0.132859
41.200000 0.133163
41.300000 0.133468
41.400000 0.133782
41.500000 0.134096
41.600000 0.134410
41.700000 0.134724
41.800000 0.135039
41.900000 0.135355
42.000000 0.135670
42.100000 0.135985
42.200000 0.136306
42.300000 0.136628
42.400000 0.136950
42.500000 0.137272
42.600000 0.137593
42.700000 0.137913
42.800000 0.138234
42.900000 0.138555
43.000000 0.138883
43.100000 0.139211
43.200000 0.139540
43.300000 0.139868
43.400000 0.140200
43.500000 0.140532
43.600000 0.140865
43.700000 0.141197
43.800000 0.141529
43.900000 0.141862
44.000000 0.142196
44.100000 0.142530
44.200000 0.142864
44.300000 0.143199
44.400000 0.143542
44.500000 0.143886
44.600000 0.144230
44.700000 0.144573
44.800000 0.144934
44.900000 0.145294
45.000000 0.145654
45.100000 0.146014
45.200000 0.146371
45.300000 0.146728
45.400000 0.147084
45.500000 0.147441
45.600000 0.147801
45.700000 0.148161
45.800000 0.148521
45.900000 0.148881
46.000000 0.149244
46.100000 0.149607
46.200000 0.149970
46.300000 0.150332
46.400000 0.150700
46.500000 0.151068
46.600000 0.151435
46.700000 0.151803
46.800000 0.152171
46.900000 0.152539
47.000000 0.152908
47.100000 0.153276
47.200000 0.153637
47.300000 0.153998
47.400000 0.154359
47.500000 0.154719
47.600000 0.155080
47.700000 0.155441
47.800000 0.155825
47.900000 0.156209
48.000000 0.156592
48.100000 0.156976
48.200000 0.157379
48.300000 0.157781
48.400000 0.158184
48.500000 0.158586
48.600000 0.158990
48.700000 0.159394
48.800000 0.159798
48.900000 0.160203
49.000000 0.160610
49.100000 0.161018
49.200000 0.161426
49.300000 0.161833
49.400000 0.162231
49.500000 0.162629
49.600000 0.163026
49.700000 0.163424
49.800000 0.163804
49.900000 0.164185
50.000000 0.164565
50.100000 0.164945
50.200000 0.165328
50.300000 0.165711
50.400000 0.166094
50.500000 0.166477
50.600000 0.166859
50.700000 0.167240
50.800000 0.167622
50.900000 0.168003
51.000000 0.168385
51.100000 0.168766
51.200000 0.169147
51.300000 0.169527
51.400000 0.169908
51.500000 0.170288
51.600000 0.170656
51.700000 0.171023
51.800000 0.171391
51.900000 0.171758
52.000000 0.172124
52.100000 0.172489
52.200000 0.172854
52.300000 0.173220
52.400000 0.173590
52.500000 0.173960
52.600000 0.174330
52.700000 0.174701
52.800000 0.175047
52.900000 0.175394
53.000000 0.175741
53.100000 0.176087
53.200000 0.176435
53.300000 0.176782
53.400000 0.177129
53.500000 0.177476
53.600000 0.177815
53.700000 0.178154
53.800000 0.178494
53.900000 0.178833
54.000000 0.179168
54.100000 0.179504
54.200000 0.179839
54.300000 0.180175
54.400000 0.180505
54.500000 0.180835
54.600000 0.181166
54.700000 0.181496
54.800000 0.181826
54.900000 0.182156
55.000000 0.182478
55.100000 0.182799
55.200000 0.183121
55.300000 0.183442
55.400000 0.183753
55.500000 0.184064
55.600000 0.184374
55.700000 0.184685
55.800000 0.184985
55.900000 0.185286
56.000000 0.185586
56.100000 0.185887
56.200000 0.186188
56.300000 0.186490
56.400000 0.186792
56.500000 0.187094
56.600000 0.187402
56.700000 0.187711
56.800000 0.188019
56.900000 0.188327
57.000000 0.188663
57.100000 0.188999
57.200000 0.189335
57.300000 0.189671
57.400000 0.190013
57.500000 0.190355
57.600000 0.190697
57.700000 0.191039
57.800000 0.191384
57.900000 0.191728
58.000000 0.192072
58.100000 0.192416
58.200000 0.192785
58.300000 0.193153
58.400000 0.193521
58.500000 0.193890
58.600000 0.194258
58.700000 0.194626
58.800000 0.194988
58.900000 0.195350
59.000000 0.195712
59.100000 0.196074
59.200000 0.196462
59.300000 0.196850
59.400000 0.197238
59.500000 0.197626
59.600000 0.198017
59.700000 0.198409
59.800000 0.198800
59.900000 0.199192
60.000000 0.199581
60.100000 0.199971
60.200000 0.200361
60.300000 0.200751
60.400000 0.201146
60.500000 0.201540
60.600000 0.201934
60.700000 0.202328
60.800000 0.202718
60.900000 0.203108
61.000000 0.203498
61.100000 0.203888
61.200000 0.204293
61.300000 0.204697
61.400000 0.205102
61.500000 0.205507
61.600000 0.205898
61.700000 0.206290
61.800000 0.206682
61.900000 0.207073
62.000000 0.207465
62.100000 0.207856
62.200000 0.208252
62.300000 0.208647
62.400000 0.209042
62.500000 0.209438
62.600000 0.209831
62.700000 0.210223
62.800000 0.210616
62.900000 0.211009
63.000000 0.211397
63.100000 0.211784
63.200000 0.212171
63.300000 0.212559
63.400000 0.212943
63.500000 0.213328
63.600000 0.213712
63.700000 0.214097
63.800000 0.214467
63.900000 0.214836
64.000000 0.215206
64.100000 0.215576
64.200000 0.215910
64.300000 0.216245
64.400000 0.216579
64.500000 0.216913
64.600000 0.217242
64.700000 0.217571
64.800000 0.217900
64.900000 0.218229
65.000000 0.218548
65.100000 0.218868
65.200000 0.219187
65.300000 0.219506
65.400000 0.219817
65.500000 0.220128
65.600000 0.220439
65.700000 0.220750
65.800000 0.221061
65.900000 0.221372
66.000000 0.221686
66.100000 0.222000
66.200000 0.222314
66.300000 0.222629
66.400000 0.222937
66.500000 0.223245
66.600000 0.223553
66.700000 0.223861
66.800000 0.224183
66.900000 0.224506
67.000000 0.224829
67.100000 0.225151
67.200000 0.225487
67.300000 0.225823
67.400000 0.226159
67.500000 0.226495
67.600000 0.226840
67.700000 0.227184
67.800000 0.227529
67.900000 0.227874
68.000000 0.228224
68.100000 0.228573
68.200000 0.228923
68.300000 0.229272
68.400000 0.229637
68.500000 0.230001
68.600000 0.230366
68.700000 0.230730
68.800000 0.231103
68.900000 0.231476
69.000000 0.231849
69.100000 0.232222
69.200000 0.232595
69.300000 0.232969
69.400000 0.233370
69.500000 0.233772
69.600000 0.234174
69.700000 0.234575
69.800000 0.234969
69.900000 0.235363
70.000000 0.235756
70.100000 0.236150
70.200000 0.236555
70.300000 0.236960
70.400000 0.237365
70.500000 0.237771
70.600000 0.238175
70.700000 0.238580
70.800000 0.238984
70.900000 0.239389
71.000000 0.239803
71.100000 0.240217
71.200000 0.240631
71.300000 0.241045
71.400000 0.241442
71.500000 0.241840
71.600000 0.242238
71.700000 0.242635
71.800000 0.243016
71.900000 0.243396
72.000000 0.243776
72.100000 0.244156
72.200000 0.244533
72.300000 0.244910
72.400000 0.245286
72.500000 0.245663
72.600000 0.246029
72.700000 0.246394
72.800000 0.246760
72.900000 0.247126
73.000000 0.247491
73.100000 0.247857
73.200000 0.248227
73.300000 0.248598
73.400000 0.248968
73.500000 0.249339
73.600000 0.249713
73.700000 0.250087
73.800000 0.250461
73.900000 0.250835
74.000000 0.251198
74.100000 0.251561
74.200000 0.251924
74.300000 0.252287
74.400000 0.252635
74.500000 0.252982
74.600000 0.253330
74.700000 0.253677
74.800000 0.254019
74.900000 0.254361
75.000000 0.254703
75.100000 0.255045
75.200000 0.255371
75.300000 0.255371
75.400000 0.255697
75.500000 0.256023
75.600000 0.256349
75.700000 0.256675
75.800000 0.257000
75.900000 0.257326
76.000000 0.257652
76.100000 0.257970
76.200000 0.258288
76.300000 0.258607
76.400000 0.258925
76.500000 0.259243
76.600000 0.259562
76.700000 0.259869
76.800000 0.260177
76.900000 0.260484
77.000000 0.260791
77.100000 0.261093
77.200000 0.261395
77.300000 0.261697
77.400000 0.261998
77.500000 0.262320
77.600000 0.262642
77.700000 0.262963
77.800000 0.263285
77.900000 0.263607
78.000000 0.263929
78.100000 0.264251
78.200000 0.264573
78.300000 0.264897
78.400000 0.265221
78.500000 0.265544
78.600000 0.265868
78.700000 0.266205
78.800000 0.266541
78.900000 0.266878
79.000000 0.267214
79.100000 0.267565
79.200000 0.267915
79.300000 0.268265
79.400000 0.268615
79.500000 0.268969
79.600000 0.269322
79.700000 0.269676
79.800000 0.270029
79.900000 0.270394
80.000000 0.270758
80.100000 0.271122
80.200000 0.271486
80.300000 0.271850
80.400000 0.272214
80.500000 0.272570
80.600000 0.272926
80.700000 0.273281
80.800000 0.273637
80.900000 0.274002
81.000000 0.274366
81.100000 0.274731
81.200000 0.275096
81.300000 0.275470
81.400000 0.275845
81.500000 0.276219
81.600000 0.276593
81.700000 0.276979
81.800000 0.277366
81.900000 0.277752
82.000000 0.278138
82.100000 0.278531
82.200000 0.278924
82.300000 0.279318
82.400000 0.279711
82.500000 0.280117
82.600000 0.280523
82.700000 0.280930
82.800000 0.281336
82.900000 0.281735
83.000000 0.282134
83.100000 0.282534
83.200000 0.282933
83.300000 0.283322
83.400000 0.283711
83.500000 0.284100
83.600000 0.284489
83.700000 0.284878
83.800000 0.285268
83.900000 0.285657
84.000000 0.286046
84.100000 0.286436
84.200000 0.286825
84.300000 0.287208
84.400000 0.287590
84.500000 0.287973
84.600000 0.288355
84.700000 0.288745
84.800000 0.289136
84.900000 0.289526
85.000000 0.289917
85.100000 0.290301
85.200000 0.290686
85.300000 0.291070
85.400000 0.291455
85.500000 0.291826
85.600000 0.292198
85.700000 0.292570
85.800000 0.292942
85.900000 0.293302
86.000000 0.293663
86.100000 0.294024
86.200000 0.294384
86.300000 0.294725
86.400000 0.295066
86.500000 0.295407
86.600000 0.295748
86.700000 0.296075
86.800000 0.296403
86.900000 0.296731
87.000000 0.297059
87.100000 0.297381
87.200000 0.297704
87.300000 0.298027
87.400000 0.298349
87.500000 0.298672
87.600000 0.298995
87.700000 0.299319
87.800000 0.299643
87.900000 0.299967
88.000000 0.300291
88.100000 0.300625
88.200000 0.300958
88.300000 0.301291
88.400000 0.301624
88.500000 0.301966
88.600000 0.302309
88.700000 0.302651
88.800000 0.302993
88.900000 0.303339
89.000000 0.303684
89.100000 0.304030
89.200000 0.304375
89.300000 0.304713
89.400000 0.305052
89.500000 0.305390
89.600000 0.305729
89.700000 0.306075
89.800000 0.306422
89.900000 0.306768
90.000000 0.307115
90.100000 0.307459
90.200000 0.307803
90.300000 0.308147
90.400000 0.308491
90.500000 0.308839
90.600000 0.309187
90.700000 0.309535
90.800000 0.309884
90.900000 0.310217
91.000000 0.310550
91.100000 0.310883
91.200000 0.311216
91.300000 0.311549
91.400000 0.311882
91.500000 0.312228
91.600000 0.312575
91.700000 0.312921
91.800000 0.313268
91.900000 0.313603
92.000000 0.313938
92.100000 0.314273
92.200000 0.314608
92.300000 0.314998
92.400000 0.315388
92.500000 0.315779
92.600000 0.316169
92.700000 0.316559
92.800000 0.316950
92.900000 0.317340
93.000000 0.317730
93.100000 0.318120
93.200000 0.318511
93.300000 0.318901
93.400000 0.319291
93.500000 0.319681
93.600000 0.320072
93.700000 0.320462
93.800000 0.320852
93.900000 0.321243
94.000000 0.321633
94.100000 0.322023
94.200000 0.322413
94.300000 0.322804
94.400000 0.323194
94.500000 0.323584
94.600000 0.323975
94.700000 0.324365
94.800000 0.324755
94.900000 0.325145
95.000000 0.325536
95.100000 0.325926
95.200000 0.326316
95.300000 0.326706
95.400000 0.327097
95.500000 0.327487
95.600000 0.327877
95.700000 0.328268
95.800000 0.328658
95.900000 0.329048
96.000000 0.329438
96.100000 0.329829
96.200000 0.330219
96.300000 0.330609
96.400000 0.331000
96.500000 0.331390
96.600000 0.331780
96.700000 0.332170
96.800000 0.332561
96.900000 0.332951
97.000000 0.333341
97.100000 0.333732
97.200000 0.334122
97.300000 0.334512
97.400000 0.334902
97.500000 0.335293
97.600000 0.335683
97.700000 0.336073
97.800000 0.336463
97.900000 0.336854
98.000000 0.337244
98.100000 0.337634
98.200000 0.338025
98.300000 0.338415
98.400000 0.338805
98.500000 0.339195
98.600000 0.339586
98.700000 0.339976
98.800000 0.340366
98.900000 0.340757
99.000000 0.341147
99.100000 0.341537
99.200000 0.341927
99.300000 0.342318
99.400000 0.342708
99.500000 0.343098
99.600000 0.343489
99.700000 0.343879
99.800000 0.344269
99.900000 0.344659
100.000000 0.345050
100.100000 0.345440
100.200000 0.345830
100.300000 0.346220
100.400000 0.346611
100.500000 0.347001
100.600000 0.347391
100.700000 0.347782
100.800000 0.348172
100.900000 0.348562
101.000000 0.348952
101.100000 0.349343
101.200000 0.349733
101.300000 0.350123
101.400000 0.350514
101.500000 0.350904
101.600000 0.351294
101.700000 0.351684
101.800000 0.352075
101.900000 0.352465
102.000000 0.352855
102.100000 0.353245
102.200000 0.353636
102.300000 0.354026
102.400000 0.354416
102.500000 0.354807
102.600000 0.355197
102.700000 0.355587
102.800000 0.355977
102.900000 0.356368
103.000000 0.356758
103.100000 0.357148
103.200000 0.357539
103.300000 0.357929
103.400000 0.358319
103.500000 0.358709
103.600000 0.359100
103.700000 0.359490
103.800000 0.359880
103.900000 0.360271
104.000000 0.360661
104.100000 0.361051
104.200000 0.361441
104.300000 0.361832
104.400000 0.362222
104.500000 0.362612
104.600000 0.363002
104.700000 0.363393
104.800000 0.363783
104.900000 0.364173
105.000000 0.364564
105.100000 0.364954
105.200000 0.365344
105.300000 0.365734
105.400000 0.366125
105.500000 0.366515
105.600000 0.366905
105.700000 0.367296
105.800000 0.367686
105.900000 0.368076
106.000000 0.368466
106.100000 0.368857
106.200000 0.369247
106.300000 0.369637
106.400000 0.370027
106.500000 0.370418
106.600000 0.370808
106.700000 0.371198
106.800000 0.371589
106.900000 0.371979
107.000000 0.372369
107.100000 0.372759
107.200000 0.373150
107.300000 0.373540
107.400000 0.373930
107.500000 0.374321
107.600000 0.374711
107.700000 0.375101
107.800000 0.375491
107.900000 0.375882
108.000000 0.376272
108.100000 0.376662
108.200000 0.377053
108.300000 0.377443
108.400000 0.377833
108.500000 0.378223
108.600000 0.378614
108.700000 0.379004
108.800000 0.379394
108.900000 0.379784
109.000000 0.380175
109.100000 0.380565
109.200000 0.380955
109.300000 0.381346
109.400000 0.381736
109.500000 0.382126
109.600000 0.382516
109.700000 0.382907
109.800000 0.383297
109.900000 0.383687
110.000000 0.384078
110.100000 0.384468
110.200000 0.384858
110.300000 0.385248
110.400000 0.385639
110.500000 0.386029
110.600000 0.386419
110.700000 0.386809
110.800000 0.387200
110.900000 0.387590
111.000000 0.387980
111.100000 0.388371
111.200000 0.388761
111.300000 0.389151
111.400000 0.389541
111.500000 0.389932
111.600000 0.390322
111.700000 0.390712
111.800000 0.391103
111.900000 0.391493
112.000000 0.391883
112.100000 0.392273
112.200000 0.392664
112.300000 0.393054
112.400000 0.393444
112.500000 0.393835
112.600000 0.394225
112.700000 0.394615
112.800000 0.395005
112.900000 0.395396
113.000000 0.395786
113.100000 0.396176
113.200000 0.396566
113.300000 0.396957
113.400000 0.397347
113.500000 0.397737
113.600000 0.398128
113.700000 0.398518
113.800000 0.398908
113.900000 0.399298
114.000000 0.399689
114.100000 0.400079
114.200000 0.400469
114.300000 0.400860
114.400000 0.401250
114.500000 0.401640
114.600000 0.402030
114.700000 0.402421
114.800000 0.402811
114.900000 0.403201
115.000000 0.403591
115.100000 0.403982
115.200000 0.404372
115.300000 0.404762
115.400000 0.405153
115.500000 0.405543
115.600000 0.405933
115.700000 0.406323
115.800000 0.406714
115.900000 0.407104
116.000000 0.407494
116.100000 0.407885
116.200000 0.408275
116.300000 0.408665
116.400000 0.409055
116.500000 0.409446
116.600000 0.409836
116.700000 0.410226
116.800000 0.410617
116.900000 0.411007
117.000000 0.411397
117.100000 0.411787
117.200000 0.412178
117.300000 0.412568
117.400000 0.412958
117.500000 0.413348
117.600000 0.413739
117.700000 0.414129
117.800000 0.414519
117.900000 0.414910
118.000000 0.415300
118.100000 0.415690
118.200000 0.416080
118.300000 0.416471
118.400000 0.416861
118.500000 0.417251
118.600000 0.417642
118.700000 0.418032
118.800000 0.418422
118.900000 0.418812
119.000000 0.419203
119.100000 0.419593
119.200000 0.419983
119.300000 0.420373
119.400000 0.420764
119.500000 0.421154
119.600000 0.421544
119.700000 0.421935
119.800000 0.422325
119.900000 0.422715
120.000000 0.423105
120.100000 0.423496
120.200000 0.423886
120.300000 0.424276
120.400000 0.424667
120.500000 0.425057
120.600000 0.425447
120.700000 0.425837
120.800000 0.426228
120.900000 0.426618
121.000000 0.427008
121.100000 0.427399
121.200000 0.427789
121.300000 0.428179
121.400000 0.428569
121.500000 0.428960
121.600000 0.429350
121.700000 0.429740
121.800000 0.430130
121.900000 0.430521
122.000000 0.430911
122.100000 0.431301
122.200000 0.431692
122.300000 0.432082
122.400000 0.432472
122.500000 0.432862
122.600000 0.433253
122.700000 0.433643
122.800000 0.434033
122.900000 0.434424
123.000000 0.434814
123.100000 0.435204
123.200000 0.435594
123.300000 0.435985
123.400000 0.436375
123.500000 0.436765
123.600000 0.437155
123.700000 0.437546
123.800000 0.437936
123.900000 0.438326
124.000000 0.438717
124.100000 0.439107
124.200000 0.439497
124.300000 0.439887
124.400000 0.440278
124.500000 0.440668
124.600000 0.441058
124.700000 0.441449
124.800000 0.441839
124.900000 0.442229
125.000000 0.442619
125.100000 0.443010
125.200000 0.443400
125.300000 0.443790
125.400000 0.444181
125.500000 0.444571
125.600000 0.444961
125.700000 0.445351
125.800000 0.445742
125.900000 0.446132
126.000000 0.446522
126.100000 0.446912
126.200000 0.447303
126.300000 0.447693
126.400000 0.448083
126.500000 0.448474
126.600000 0.448864
126.700000 0.449254
126.800000 0.449644
126.900000 0.450035
127.000000 0.450425
127.100000 0.450815
127.200000 0.451206
127.300000 0.451596
127.400000 0.451986
127.500000 0.452376
127.600000 0.452767
127.700000 0.453157
127.800000 0.453547
127.900000 0.453938
128.000000 0.454328
128.100000 0.454718
128.200000 0.455108
128.300000 0.455499
128.400000 0.455889
128.500000 0.456279
128.600000 0.456669
128.700000 0.457060
128.800000 0.457450
128.900000 0.457840
129.000000 0.458231
129.100000 0.458621
129.200000 0.459011
129.300000 0.459401
129.400000 0.459792
129.500000 0.460182
129.600000 0.460572
129.700000 0.460963
129.800000 0.461353
129.900000 0.461743
130.000000 0.462133
130.100000 0.462524
130.200000 0.462914
130.300000 0.463304
130.400000 0.463694
130.500000 0.464085
130.600000 0.464475
130.700000 0.464865
130.800000 0.465256
130.900000 0.465646
131.000000 0.466036
131.100000 0.466426
131.200000 0.466817
131.300000 0.467207
131.400000 0.467597
131.500000 0.467988
131.600000 0.468378
131.700000 0.468768
131.800000 0.469158
131.900000 0.469549
132.000000 0.469939
132.100000 0.470329
132.200000 0.470720
132.300000 0.471110
132.400000 0.471500
132.500000 0.471890
132.600000 0.472281
132.700000 0.472671
132.800000 0.473061
132.900000 0.473451
133.000000 0.473842
133.100000 0.474232
133.200000 0.474622
133.300000 0.475013
133.400000 0.475403
133.500000 0.475793
133.600000 0.476183
133.700000 0.476574
133.800000 0.476964
133.900000 0.477354
134.000000 0.477745
134.100000 0.478135
134.200000 0.478525
134.300000 0.478915
134.400000 0.479306
134.500000 0.479696
134.600000 0.480086
134.700000 0.480476
134.800000 0.480867
134.900000 0.481257
135.000000 0.481647
135.100000 0.482038
135.200000 0.482428
135.300000 0.482818
135.400000 0.483208
135.500000 0.483599
135.600000 0.483989
135.700000 0.484379
135.800000 0.484770
135.900000 0.485160
136.000000 0.485550
136.100000 0.485940
136.200000 0.486331
136.300000 0.486721
136.400000 0.487111
136.500000 0.487502
136.600000 0.487892
136.700000 0.488282
136.800000 0.488672
136.900000 0.489063
137.000000 0.489453
137.100000 0.489843
137.200000 0.490233
137.300000 0.490624
137.400000 0.491014
137.500000 0.491404
137.600000 0.491795
137.700000 0.492185
137.800000 0.492575
137.900000 0.492965
138.000000 0.493356
138.100000 0.493746
138.200000 0.494136
138.300000 0.494527
138.400000 0.494917
138.500000 0.495307
138.600000 0.495697
138.700000 0.496088
138.800000 0.496478
138.900000 0.496868
139.000000 0.497258
139.100000 0.497649
139.200000 0.498039
139.300000 0.498429
139.400000 0.498820
139.500000 0.499210
139.600000 0.499600
139.700000 0.499990
139.800000 0.500381
139.900000 0.500771
140.000000 0.501161
140.100000 0.501552
140.200000 0.501942
140.300000 0.502332
140.400000 0.502722
140.500000 0.503113
140.600000 0.503503
140.700000 0.503893
140.800000 0.504284
140.900000 0.504674
141.000000 0.505064
141.100000 0.505454
141.200000 0.505845
141.300000 0.506235
141.400000 0.506625
141.500000 0.507015
141.600000 0.507406
141.700000 0.507796
141.800000 0.508186
141.900000 0.508577
142.000000 0.508967
142.100000 0.509357
142.200000 0.509747
142.300000 0.510138
142.400000 0.510528
142.500000 0.510918
142.600000 0.511309
142.700000 0.511699
142.800000 0.512089
142.900000 0.512479
143.000000 0.512870
143.100000 0.513260
143.200000 0.513650
143.300000 0.514040
143.400000 0.514431
143.500000 0.514821
143.600000 0.515211
143.700000 0.515602
143.800000 0.515992
143.900000 0.516382
144.000000 0.516772
144.100000 0.517163
144.200000 0.517553
144.300000 0.517943
144.400000 0.518334
144.500000 0.518724
144.600000 0.519114
144.700000 0.519504
144.800000 0.519895
144.900000 0.520285
145.000000 0.520675
145.100000 0.521066
145.200000 0.521456
145.300000 0.521846
145.400000 0.522236
145.500000 0.522627
145.600000 0.523017
145.700000 0.523407
145.800000 0.523797
145.900000 0.524188
146.000000 0.524578
146.100000 0.524968
146.200000 0.525359
146.300000 0.525749
146.400000 0.526139
146.500000 0.526529
146.600000 0.526920
146.700000 0.527310
146.800000 0.527700
146.900000 0.528091
147.000000 0.528481
147.100000 0.528871
147.200000 0.529261
147.300000 0.529652
147.400000 0.530042
147.500000 0.530432
147.600000 0.530822
147.700000 0.531213
147.800000 0.531603
147.900000 0.531993
148.000000 0.532384
148.100000 0.532774
148.200000 0.533164
148.300000 0.533554
148.400000 0.533945
148.500000 0.534335
148.600000 0.534725
148.700000 0.535116
148.800000 0.535506
148.900000 0.535896
149.000000 0.536286
149.100000 0.536677
149.200000 0.537067
149.300000 0.537457
149.400000 0.537848
149.500000 0.538238
149.600000 0.538628
149.700000 0.539018
149.800000 0.539409
149.900000 0.539799
150.000000 0.540189
150.100000 0.540579
150.200000 0.540970
150.300000 0.541360
150.400000 0.541750
150.500000 0.542141
150.600000 0.542531
150.700000 0.542921
150.800000 0.543311
150.900000 0.543702
151.000000 0.544092
151.100000 0.544482
151.200000 0.544873
151.300000 0.545263
151.400000 0.545653
151.500000 0.546043
151.600000 0.546434
151.700000 0.546824
151.800000 0.547214
151.900000 0.547604
152.000000 0.547995
152.100000 0.548385
152.200000 0.548775
152.300000 0.549166
152.400000 0.549556
152.500000 0.549946
152.600000 0.550336
152.700000 0.550727
152.800000 0.551117
152.900000 0.551507
153.000000 0.551898
153.100000 0.552288
153.200000 0.552678
153.300000 0.553068
153.400000 0.553459
153.500000 0.553849
153.600000 0.554239
153.700000 0.554630
153.800000 0.555020
153.900000 0.555410
154.000000 0.555800
154.100000 0.556191
154.200000 0.556581
154.300000 0.556971
154.400000 0.557361
154.500000 0.557752
154.600000 0.558142
154.700000 0.558532
154.800000 0.558923
154.900000 0.559313
155.000000 0.559703
155.100000 0.560093
155.200000 0.560484
155.300000 0.560874
155.400000 0.561264
155.500000 0.561655
155.600000 0.562045
155.700000 0.562435
155.800000 0.562825
155.900000 0.563216
156.000000 0.563606
156.100000 0.563996
156.200000 0.564387
156.300000 0.564777
156.400000 0.565167
156.500000 0.565557
156.600000 0.565948
156.700000 0.566338
156.800000 0.566728
156.900000 0.567118
157.000000 0.567509
157.100000 0.567899
157.200000 0.568289
157.300000 0.568680
157.400000 0.569070
157.500000 0.569460
157.600000 0.569850
157.700000 0.570241
157.800000 0.570631
157.900000 0.571021
158.000000 0.571412
158.100000 0.571802
158.200000 0.572192
158.300000 0.572582
158.400000 0.572973
158.500000 0.573363
158.600000 0.573753
158.700000 0.574143
158.800000 0.574534
158.900000 0.574924
159.000000 0.575314
159.100000 0.575705
159.200000 0.576095
159.300000 0.576485
159.400000 0.576875
159.500000 0.577266
159.600000 0.577656
159.700000 0.578046
159.800000 0.578437
159.900000 0.578827
160.000000 0.579217
160.100000 0.579607
160.200000 0.579998
160.300000 0.580388
160.400000 0.580778
160.500000 0.581169
160.600000 0.581559
160.700000 0.581949
160.800000 0.582339
160.900000 0.582730
161.000000 0.583120
161.100000 0.583510
161.200000 0.583900
161.300000 0.584291
161.400000 0.584681
161.500000 0.585071
161.600000 0.585462
161.700000 0.585852
161.800000 0.586242
161.900000 0.586632
162.000000 0.587023
162.100000 0.587413
162.200000 0.587803
162.300000 0.588194
162.400000 0.588584
162.500000 0.588974
162.600000 0.589364
162.700000 0.589755
162.800000 0.590145
162.900000 0.590535
163.000000 0.590925
163.100000 0.591316
163.200000 0.591706
163.300000 0.592096
163.400000 0.592487
163.500000 0.592877
163.600000 0.593267
163.700000 0.593657
163.800000 0.594048
163.900000 0.594438
164.000000 0.594828
164.100000 0.595219
164.200000 0.595609
164.300000 0.595999
164.400000 0.596389
164.500000 0.596780
164.600000 0.597170
164.700000 0.597560
164.800000 0.597951
164.900000 0.598341
165.000000 0.598731
165.100000 0.599121
165.200000 0.599512
165.300000 0.599902
165.400000 0.600292
165.500000 0.600682
165.600000 0.601073
165.700000 0.601463
165.800000 0.601853
165.900000 0.602244
166.000000 0.602634
166.100000 0.603024
166.200000 0.603414
166.300000 0.603805
166.400000 0.604195
166.500000 0.604585
166.600000 0.604976
166.700000 0.605366
166.800000 0.605756
166.900000 0.606146
167.000000 0.606537
167.100000 0.606927
167.200000 0.607317
167.300000 0.607707
167.400000 0.608098
167.500000 0.608488
167.600000 0.608878
167.700000 0.609269
167.800000 0.609659
167.900000 0.610049
168.000000 0.610439
168.100000 0.610830
168.200000 0.611220
168.300000 0.611610
168.400000 0.612001
168.500000 0.612391
168.600000 0.612781
168.700000 0.613171
168.800000 0.613562
168.900000 0.613952
169.000000 0.614342
169.100000 0.614733
169.200000 0.615123
169.300000 0.615513
169.400000 0.615903
169.500000 0.616294
169.600000 0.616684
169.700000 0.617074
169.800000 0.617464
169.900000 0.617855
170.000000 0.618245
170.100000 0.618635
170.200000 0.619026
170.300000 0.619416
170.400000 0.619806
170.500000 0.620196
170.600000 0.620587
170.700000 0.620977
170.800000 0.621367
170.900000 0.621758
171.000000 0.622148
171.100000 0.622538
171.200000 0.622928
171.300000 0.623319
171.400000 0.623709
171.500000 0.624099
171.600000 0.624489
171.700000 0.624880
171.800000 0.625270
171.900000 0.625660
172.000000 0.626051
172.100000 0.626441
172.200000 0.626831
172.300000 0.627221
172.400000 0.627612
172.500000 0.628002
172.600000 0.628392
172.700000 0.628783
172.800000 0.629173
172.900000 0.629563
173.000000 0.629953
173.100000 0.630344
173.200000 0.630734
173.300000 0.631124
173.400000 0.631515
173.500000 0.631905
173.600000 0.632295
173.700000 0.632685
173.800000 0.633076
173.900000 0.633466
174.000000 0.633856
174.100000 0.634246
174.200000 0.634637
174.300000 0.635027
174.400000 0.635417
174.500000 0.635808
174.600000 0.636198
174.700000 0.636588
174.800000 0.636978
174.900000 0.637369
175.000000 0.637759
175.100000 0.638149
175.200000 0.638540
175.300000 0.638930
175.400000 0.639320
175.500000 0.639710
175.600000 0.640101
175.700000 0.640491
175.800000 0.640881
175.900000 0.641271
176.000000 0.641662
176.100000 0.642052
176.200000 0.642442
176.300000 0.642833
176.400000 0.643223
176.500000 0.643613
176.600000 0.644003
176.700000 0.644394
176.800000 0.644784
176.900000 0.645174
177.000000 0.645565
177.100000 0.645955
177.200000 0.646345
177.300000 0.646735
177.400000 0.647126
177.500000 0.647516
177.600000 0.647906
177.700000 0.648297
177.800000 0.648687
177.900000 0.649077
178.000000 0.649467
178.100000 0.649858
178.200000 0.650248
178.300000 0.650638
178.400000 0.651028
178.500000 0.651419
178.600000 0.651809
178.700000 0.652199
178.800000 0.652590
178.900000 0.652980
179.000000 0.653370
179.100000 0.653760
179.200000 0.654151
179.300000 0.654541
179.400000 0.654931
179.500000 0.655322
179.600000 0.655712
179.700000 0.656102
179.800000 0.656492
179.900000 0.656883
180.000000 0.657273
180.100000 0.657663
180.200000 0.658053
180.300000 0.658444
180.400000 0.658834
180.500000 0.659224
180.600000 0.659615
180.700000 0.660005
180.800000 0.660395
180.900000 0.660785
181.000000 0.661176
181.100000 0.661566
181.200000 0.661956
181.300000 0.662347
181.400000 0.662737
181.500000 0.663127
181.600000 0.663517
181.700000 0.663908
181.800000 0.664298
181.900000 0.664688
182.000000 0.665079
182.100000 0.665469
182.200000 0.665859
182.300000 0.666249
182.400000 0.666640
182.500000 0.667030
182.600000 0.667420
182.700000 0.667810
182.800000 0.668201
182.900000 0.668591
183.000000 0.668981
183.100000 0.669372
183.200000 0.669762
183.300000 0.670152
183.400000 0.670542
183.500000 0.670933
183.600000 0.671323
183.700000 0.671713
183.800000 0.672104
183.900000 0.672494
184.000000 0.672884
184.100000 0.673274
184.200000 0.673665
184.300000 0.674055
184.400000 0.674445
184.500000 0.674836
184.600000 0.675226
184.700000 0.675616
184.800000 0.676006
184.900000 0.676397
185.000000 0.676787
185.100000 0.677177
185.200000 0.677567
185.300000 0.677958
185.400000 0.678348
185.500000 0.678738
185.600000 0.679129
185.700000 0.679519
185.800000 0.679909
185.900000 0.680299
186.000000 0.680690
186.100000 0.681080
186.200000 0.681470
186.300000 0.681861
186.400000 0.682251
186.500000 0.682641
186.600000 0.683031
186.700000 0.683422
186.800000 0.683812
186.900000 0.684202
187.000000 0.684592
187.100000 0.684983
187.200000 0.685373
187.300000 0.685763
187.400000 0.686154
187.500000 0.686544
187.600000 0.686934
187.700000 0.687324
187.800000 0.687715
187.900000 0.688105
188.000000 0.688495
188.100000 0.688886
188.200000 0.689276
188.300000 0.689666
188.400000 0.690056
188.500000 0.690447
188.600000 0.690837
188.700000 0.691227
188.800000 0.691618
188.900000 0.692008
189.000000 0.692398
189.100000 0.692788
189.200000 0.693179
189.300000 0.693569
189.400000 0.693959
189.500000 0.694349
189.600000 0.694740
189.700000 0.695130
189.800000 0.695520
189.900000 0.695911
190.000000 0.696301
190.100000 0.696691
190.200000 0.697081
190.300000 0.697472
190.400000 0.697862
190.500000 0.698252
190.600000 0.698643
190.700000 0.699033
190.800000 0.699423
190.900000 0.699813
191.000000 0.700204
191.100000 0.700594
191.200000 0.700984
191.300000 0.701374
191.400000 0.701765
191.500000 0.702155
191.600000 0.702545
191.700000 0.702936
191.800000 0.703326
191.900000 0.703716
192.000000 0.704106
192.100000 0.704497
192.200000 0.704887
192.300000 0.705277
192.400000 0.705668
192.500000 0.706058
192.600000 0.706448
192.700000 0.706838
192.800000 0.707229
192.900000 0.707619
193.000000 0.708009
193.100000 0.708400
193.200000 0.708790
193.300000 0.709180
193.400000 0.709570
193.500000 0.709961
193.600000 0.710351
193.700000 0.710741
193.800000 0.711131
193.900000 0.711522
194.000000 0.711912
194.100000 0.712302
194.200000 0.712693
194.300000 0.713083
194.400000 0.713473
194.500000 0.713863
194.600000 0.714254
194.700000 0.714644
194.800000 0.715034
194.900000 0.715425
195.000000 0.715815
195.100000 0.716205
195.200000 0.716595
195.300000 0.716986
195.400000 0.717376
195.500000 0.717766
195.600000 0.718156
195.700000 0.718547
195.800000 0.718937
195.900000 0.719327
196.000000 0.719718
196.100000 0.720108
196.200000 0.720498
196.300000 0.720888
196.400000 0.721279
196.500000 0.721669
196.600000 0.722059
196.700000 0.722450
196.800000 0.722840
196.900000 0.723230
197.000000 0.723620
197.100000 0.724011
197.200000 0.724401
197.300000 0.724791
197.400000 0.725182
197.500000 0.725572
197.600000 0.725962
197.700000 0.726352
197.800000 0.726743
197.900000 0.727133
198.000000 0.727523
198.100000 0.727913
198.200000 0.728304
198.300000 0.728694
198.400000 0.729084
198.500000 0.729475
198.600000 0.729865
198.700000 0.730255
198.800000 0.730645
198.900000 0.731036
199.000000 0.731426
199.100000 0.731816
199.200000 0.732207
199.300000 0.732597
199.400000 0.732987
199.500000 0.733377
199.600000 0.733768
199.700000 0.734158
199.800000 0.734548
199.900000 0.734938
200.000000 0.735329
200.100000 0.735719
200.200000 0.736109
200.300000 0.736500
200.400000 0.736890
200.500000 0.737280
200.600000 0.737670
200.700000 0.738061
200.800000 0.738451
200.900000 0.738841
201.000000 0.739232
201.100000 0.739622
201.200000 0.740012
201.300000 0.740402
201.400000 0.740793
201.500000 0.741183
201.600000 0.741573
201.700000 0.741964
201.800000 0.742354
201.900000 0.742744
202.000000 0.743134
202.100000 0.743525
202.200000 0.743915
202.300000 0.744305
202.400000 0.744695
202.500000 0.745086
202.600000 0.745476
202.700000 0.745866
202.800000 0.746257
202.900000 0.746647
203.000000 0.747037
203.100000 0.747427
203.200000 0.747818
203.300000 0.748208
203.400000 0.748598
203.500000 0.748989
203.600000 0.749379
203.700000 0.749769
203.800000 0.750159
203.900000 0.750550
204.000000 0.750940
204.100000 0.751330
204.200000 0.751720
204.300000 0.752111
204.400000 0.752501
204.500000 0.752891
204.600000 0.753282
204.700000 0.753672
204.800000 0.754062
204.900000 0.754452
205.000000 0.754843
205.100000 0.755233
205.200000 0.755623
205.300000 0.756014
205.400000 0.756404
205.500000 0.756794
205.600000 0.757184
205.700000 0.757575
205.800000 0.757965
205.900000 0.758355
206.000000 0.758746
206.100000 0.759136
206.200000 0.759526
206.300000 0.759916
206.400000 0.760307
206.500000 0.760697
206.600000 0.761087
206.700000 0.761477
206.800000 0.761868
206.900000 0.762258
207.000000 0.762648
207.100000 0.763039
207.200000 0.763429
207.300000 0.763819
207.400000 0.764209
207.500000 0.764600
207.600000 0.764990
207.700000 0.765380
207.800000 0.765771
207.900000 0.766161
208.000000 0.766551
208.100000 0.766941
208.200000 0.767332
208.300000 0.767722
208.400000 0.768112
208.500000 0.768502
208.600000 0.768893
208.700000 0.769283
208.800000 0.769673
208.900000 0.770064
209.000000 0.770454
209.100000 0.770844
209.200000 0.771234
209.300000 0.771625
209.400000 0.772015
209.500000 0.772405
209.600000 0.772796
209.700000 0.773186
209.800000 0.773576
209.900000 0.773966
210.000000 0.774357
210.100000 0.774747
210.200000 0.775137
210.300000 0.775528
210.400000 0.775918
210.500000 0.776308
210.600000 0.776698
210.700000 0.777089
210.800000 0.777479
210.900000 0.777869
211.000000 0.778259
211.100000 0.778650
211.200000 0.779040
211.300000 0.779430
211.400000 0.779821
211.500000 0.780211
211.600000 0.780601
211.700000 0.780991
211.800000 0.781382
211.900000 0.781772
212.000000 0.782162
212.100000 0.782553
212.200000 0.782943
212.300000 0.783333
212.400000 0.783723
212.500000 0.784114
212.600000 0.784504
212.700000 0.784894
212.800000 0.785285
212.900000 0.785675
213.000000 0.786065
213.100000 0.786455
213.200000 0.786846
213.300000 0.787236
213.400000 0.787626
213.500000 0.788016
213.600000 0.788407
213.700000 0.788797
213.800000 0.789187
213.900000 0.789578
214.000000 0.789968
214.100000 0.790358
214.200000 0.790748
214.300000 0.791139
214.400000 0.791529
214.500000 0.791919
214.600000 0.792310
214.700000 0.792700
214.800000 0.793090
214.900000 0.793480
215.000000 0.793871
215.100000 0.794261
215.200000 0.794651
215.300000 0.795041
215.400000 0.795432
215.500000 0.795822
215.600000 0.796212
215.700000 0.796603
215.800000 0.796993
215.900000 0.797383
216.000000 0.797773
216.100000 0.798164
216.200000 0.798554
216.300000 0.798944
216.400000 0.799335
216.500000 0.799725
216.600000 0.800115
216.700000 0.800505
216.800000 0.800896
216.900000 0.801286
217.000000 0.801676
217.100000 0.802067
217.200000 0.802457
217.300000 0.802847
217.400000 0.803237
217.500000 0.803628
217.600000 0.804018
217.700000 0.804408
217.800000 0.804798
217.900000 0.805189
218.000000 0.805579
218.100000 0.805969
218.200000 0.806360
218.300000 0.806750
218.400000 0.807140
218.500000 0.807530
218.600000 0.807921
218.700000 0.808311
218.800000 0.808701
218.900000 0.809092
219.000000 0.809482
219.100000 0.809872
219.200000 0.810262
219.300000 0.810653
219.400000 0.811043
219.500000 0.811433
219.600000 0.811823
219.700000 0.812214
219.800000 0.812604
219.900000 0.812994
220.000000 0.813385
220.100000 0.813775
220.200000 0.814165
220.300000 0.814555
220.400000 0.814946
220.500000 0.815336
220.600000 0.815726
220.700000 0.816117
220.800000 0.816507
220.900000 0.816897
221.000000 0.817287
221.100000 0.817678
221.200000 0.818068
221.300000 0.818458
221.400000 0.818849
221.500000 0.819239
221.600000 0.819629
221.700000 0.820019
221.800000 0.820410
221.900000 0.820800
222.000000 0.821190
222.100000 0.821580
222.200000 0.821971
222.300000 0.822361
222.400000 0.822751
222.500000 0.823142
222.600000 0.823532
222.700000 0.823922
222.800000 0.824312
222.900000 0.824703
223.000000 0.825093
223.100000 0.825483
223.200000 0.825874
223.300000 0.826264
223.400000 0.826654
223.500000 0.827044
223.600000 0.827435
223.700000 0.827825
223.800000 0.828215
223.900000 0.828605
224.000000 0.828996
224.100000 0.829386
224.200000 0.829776
224.300000 0.830167
224.400000 0.830557
224.500000 0.830947
224.600000 0.831337
224.700000 0.831728
224.800000 0.832118
224.900000 0.832508
225.000000 0.832899
225.100000 0.833289
225.200000 0.833679
225.300000 0.834069
225.400000 0.834460
225.500000 0.834850
225.600000 0.835240
225.700000 0.835631
225.800000 0.836021
225.900000 0.836411
226.000000 0.836801
226.100000 0.837192
226.200000 0.837582
226.300000 0.837972
226.400000 0.838362
226.500000 0.838753
226.600000 0.839143
226.700000 0.839533
226.800000 0.839924
226.900000 0.840314
227.000000 0.840704
227.100000 0.841094
227.200000 0.841485
227.300000 0.841875
227.400000 0.842265
227.500000 0.842656
227.600000 0.843046
227.700000 0.843436
227.800000 0.843826
227.900000 0.844217
228.000000 0.844607
228.100000 0.844997
228.200000 0.845387
228.300000 0.845778
228.400000 0.846168
228.500000 0.846558
228.600000 0.846949
228.700000 0.847339
228.800000 0.847729
228.900000 0.848119
229.000000 0.848510
229.100000 0.848900
229.200000 0.849290
229.300000 0.849681
229.400000 0.850071
229.500000 0.850461
229.600000 0.850851
229.700000 0.851242
229.800000 0.851632
229.900000 0.852022
230.000000 0.852413
230.100000 0.852803
230.200000 0.853193
230.300000 0.853583
230.400000 0.853974
230.500000 0.854364
230.600000 0.854754
230.700000 0.855144
230.800000 0.855535
230.900000 0.855925
231.000000 0.856315
231.100000 0.856706
231.200000 0.857096
231.300000 0.857486
231.400000 0.857876
231.500000 0.858267
231.600000 0.858657
231.700000 0.859047
231.800000 0.859438
231.900000 0.859828
232.000000 0.860218
232.100000 0.860608
232.200000 0.860999
232.300000 0.861389
232.400000 0.861779
232.500000 0.862169
232.600000 0.862560
232.700000 0.862950
232.800000 0.863340
232.900000 0.863731
233.000000 0.864121
233.100000 0.864511
233.200000 0.864901
233.300000 0.865292
233.400000 0.865682
233.500000 0.866072
233.600000 0.866463
233.700000 0.866853
233.800000 0.867243
233.900000 0.867633
234.000000 0.868024
234.100000 0.868414
234.200000 0.868804
234.300000 0.869195
234.400000 0.869585
234.500000 0.869975
234.600000 0.870365
234.700000 0.870756
234.800000 0.871146
234.900000 0.871536
235.000000 0.871926
235.100000 0.872317
235.200000 0.872707
235.300000 0.873097
235.400000 0.873488
235.500000 0.873878
235.600000 0.874268
235.700000 0.874658
235.800000 0.875049
235.900000 0.875439
236.000000 0.875829
236.100000 0.876220
236.200000 0.876610
236.300000 0.877000
236.400000 0.877390
236.500000 0.877781
236.600000 0.878171
236.700000 0.878561
236.800000 0.878951
236.900000 0.879342
237.000000 0.879732
237.100000 0.880122
237.200000 0.880513
237.300000 0.880903
237.400000 0.881293
237.500000 0.881683
237.600000 0.882074
237.700000 0.882464
237.800000 0.882854
237.900000 0.883245
238.000000 0.883635
238.100000 0.884025
238.200000 0.884415
238.300000 0.884806
238.400000 0.885196
238.500000 0.885586
238.600000 0.885977
238.700000 0.886367
238.800000 0.886757
238.900000 0.887147
239.000000 0.887538
239.100000 0.887928
239.200000 0.888318
239.300000 0.888708
239.400000 0.889099
239.500000 0.889489
239.600000 0.889879
239.700000 0.890270
239.800000 0.890660
239.900000 0.891050
240.000000 0.891440
240.100000 0.891831
240.200000 0.892221
240.300000 0.892611
240.400000 0.893002
240.500000 0.893392
240.600000 0.893782
240.700000 0.894172
240.800000 0.894563
240.900000 0.894953
241.000000 0.895343
241.100000 0.895734
241.200000 0.896124
241.300000 0.896514
241.400000 0.896904
241.500000 0.897295
241.600000 0.897685
241.700000 0.898075
241.800000 0.898465
241.900000 0.898856
242.000000 0.899246
242.100000 0.899636
242.200000 0.900027
242.300000 0.900417
242.400000 0.900807
242.500000 0.901197
242.600000 0.901588
242.700000 0.901978
242.800000 0.902368
242.900000 0.902759
243.000000 0.903149
243.100000 0.903539
243.200000 0.903929
243.300000 0.904320
243.400000 0.904710
243.500000 0.905100
243.600000 0.905490
243.700000 0.905881
243.800000 0.906271
243.900000 0.906661
244.000000 0.907052
244.100000 0.907442
244.200000 0.907832
244.300000 0.908222
244.400000 0.908613
244.500000 0.909003
244.600000 0.909393
244.700000 0.909784
244.800000 0.910174
244.900000 0.910564
245.000000 0.910954
245.100000 0.911345
245.200000 0.911735
245.300000 0.912125
245.400000 0.912516
245.500000 0.912906
245.600000 0.913296
245.700000 0.913686
245.800000 0.914077
245.900000 0.914467
246.000000 0.914857
246.100000 0.915247
246.200000 0.915638
246.300000 0.916028
246.400000 0.916418
246.500000 0.916809
246.600000 0.917199
246.700000 0.917589
246.800000 0.917979
246.900000 0.918370
247.000000 0.918760
247.100000 0.919150
247.200000 0.919541
247.300000 0.919931
247.400000 0.920321
247.500000 0.920711
247.600000 0.921102
247.700000 0.921492
247.800000 0.921882
247.900000 0.922272
248.000000 0.922663
248.100000 0.923053
248.200000 0.923443
248.300000 0.923834
248.400000 0.924224
248.500000 0.924614
248.600000 0.925004
248.700000 0.925395
248.800000 0.925785
248.900000 0.926175
249.000000 0.926566
249.100000 0.926956
249.200000 0.927346
249.300000 0.927736
249.400000 0.928127
249.500000 0.928517
249.600000 0.928907
249.700000 0.929298
249.800000 0.929688
249.900000 0.930078
250.000000 0.930468
250.100000 0.930859
250.200000 0.931249
250.300000 0.931639
250.400000 0.932029
250.500000 0.932420
250.600000 0.932810
250.700000 0.933200
250.800000 0.933591
250.900000 0.933981
251.000000 0.934371
251.100000 0.934761
251.200000 0.935152
251.300000 0.935542
251.400000 0.935932
251.500000 0.936323
251.600000 0.936713
251.700000 0.937103
251.800000 0.937493
251.900000 0.937884
252.000000 0.938274
252.100000 0.938664
252.200000 0.939054
252.300000 0.939445
252.400000 0.939835
252.500000 0.940225
252.600000 0.940616
252.700000 0.941006
252.800000 0.941396
252.900000 0.941786
253.000000 0.942177
253.100000 0.942567
253.200000 0.942957
253.300000 0.943348
253.400000 0.943738
253.500000 0.944128
253.600000 0.944518
253.700000 0.944909
253.800000 0.945299
253.900000 0.945689
254.000000 0.946080
254.100000 0.946470
254.200000 0.946860
254.300000 0.947250
254.400000 0.947641
254.500000 0.948031
254.600000 0.948421
254.700000 0.948811
254.800000 0.949202
254.900000 0.949592
255.000000 0.949982
255.100000 0.950373
255.200000 0.950763
255.300000 0.951153
255.400000 0.951543
255.500000 0.951934
255.600000 0.952324
255.700000 0.952714
255.800000 0.953105
255.900000 0.953495
256.000000 0.953885
256.100000 0.954275
256.200000 0.954666
256.300000 0.955056
256.400000 0.955446
256.500000 0.955836
256.600000 0.956227
256.700000 0.956617
256.800000 0.957007
256.900000 0.957398
257.000000 0.957788
257.100000 0.958178
257.200000 0.958568
257.300000 0.958959
257.400000 0.959349
257.500000 0.959739
257.600000 0.960130
257.700000 0.960520
257.800000 0.960910
257.900000 0.961300
258.000000 0.961691
258.100000 0.962081
258.200000 0.962471
258.300000 0.962862
258.400000 0.963252
258.500000 0.963642
258.600000 0.964032
258.700000 0.964423
258.800000 0.964813
258.900000 0.965203
259.000000 0.965593
259.100000 0.965984
259.200000 0.966374
259.300000 0.966764
259.400000 0.967155
259.500000 0.967545
259.600000 0.967935
259.700000 0.968325
259.800000 0.968716
259.900000 0.969106
260.000000 0.969496
260.100000 0.969887
260.200000 0.970277
260.300000 0.970667
260.400000 0.971057
260.500000 0.971448
260.600000 0.971838
260.700000 0.972228
260.800000 0.972618
260.900000 0.973009
261.000000 0.973399
261.100000 0.973789
261.200000 0.974180
261.300000 0.974570
261.400000 0.974960
261.500000 0.975350
261.600000 0.975741
261.700000 0.976131
261.800000 0.976521
261.900000 0.976912
262.000000 0.977302
262.100000 0.977692
262.200000 0.978082
262.300000 0.978473
262.400000 0.978863
262.500000 0.979253
262.600000 0.979644
262.700000 0.980034
262.800000 0.980424
262.900000 0.980814
263.000000 0.981205
263.100000 0.981595
263.200000 0.981985
263.300000 0.982375
263.400000 0.982766
263.500000 0.983156
263.600000 0.983546
263.700000 0.983937
263.800000 0.984327
263.900000 0.984717
264.000000 0.985107
264.100000 0.985498
264.200000 0.985888
264.300000 0.986278
264.400000 0.986669
264.500000 0.987059
264.600000 0.987449
264.700000 0.987839
264.800000 0.988230
264.900000 0.988620
265.000000 0.989010
265.100000 0.989400
265.200000 0.989791
265.300000 0.990181
265.400000 0.990571
265.500000 0.990962
265.600000 0.991352
265.700000 0.991742
265.800000 0.992132
265.900000 0.992523
266.000000 0.992913
266.100000 0.993303
266.200000 0.993694
266.300000 0.994084
266.400000 0.994474
266.500000 0.994864
266.600000 0.995255
266.700000 0.995645
266.800000 0.996035
266.900000 0.996426
267.000000 0.996816
267.100000 0.997206
267.200000 0.997596
267.300000 0.997987
267.400000 0.998377
267.500000 0.998767
267.600000 0.999157
267.700000 0.999548
267.800000 0.999938
267.900000 1.000328
268.000000 1.000719
268.100000 1.001109
268.200000 1.001499
268.300000 1.001889
268.400000 1.002280
268.500000 1.002670
268.600000 1.003060
268.700000 1.003451
268.800000 1.003841
268.900000 1.004231
269.000000 1.004621
269.100000 1.005012
269.200000 1.005402
269.300000 1.005792
269.400000 1.006183
269.500000 1.006573
269.600000 1.006963
269.700000 1.007353
269.800000 1.007744
269.900000 1.008134
270.000000 1.008524
270.100000 1.008914
270.200000 1.009305
270.300000 1.009695
270.400000 1.010085
270.500000 1.010476
270.600000 1.010866
270.700000 1.011256
270.800000 1.011646
270.900000 1.012037
271.000000 1.012427
271.100000 1.012817
271.200000 1.013208
271.300000 1.013598
271.400000 1.013988
271.500000 1.014378
271.600000 1.014769
271.700000 1.015159
271.800000 1.015549
271.900000 1.015939
272.000000 1.016330
272.100000 1.016720
272.200000 1.017110
272.300000 1.017501
272.400000 1.017891
272.500000 1.018281
272.600000 1.018671
272.700000 1.019062
272.800000 1.019452
272.900000 1.019842
273.000000 1.020233
273.100000 1.020623
273.200000 1.021013
273.300000 1.021403
273.400000 1.021794
273.500000 1.022184
273.600000 1.022574
273.700000 1.022965
273.800000 1.023355
273.900000 1.023745
274.000000 1.024135
274.100000 1.024526
274.200000 1.024916
274.300000 1.025306
274.400000 1.025696
274.500000 1.026087
274.600000 1.026477
274.700000 1.026867
274.800000 1.027258
274.900000 1.027648
275.000000 1.028038
275.100000 1.028428
275.200000 1.028819
275.300000 1.029209
275.400000 1.029599
275.500000 1.029990
275.600000 1.030380
275.700000 1.030770
275.800000 1.031160
275.900000 1.031551
276.000000 1.031941
276.100000 1.032331
276.200000 1.032721
276.300000 1.033112
276.400000 1.033502
276.500000 1.033892
276.600000 1.034283
276.700000 1.034673
276.800000 1.035063
276.900000 1.035453
277.000000 1.035844
277.100000 1.036234
277.200000 1.036624
277.300000 1.037015
277.400000 1.037405
277.500000 1.037795
277.600000 1.038185
277.700000 1.038576
277.800000 1.038966
277.900000 1.039356
278.000000 1.039747
278.100000 1.040137
278.200000 1.040527
278.300000 1.040917
278.400000 1.041308
278.500000 1.041698
278.600000 1.042088
278.700000 1.042478
278.800000 1.042869
278.900000 1.043259
279.000000 1.043649
279.100000 1.044040
279.200000 1.044430
279.300000 1.044820
279.400000 1.045210
279.500000 1.045601
279.600000 1.045991
279.700000 1.046381
279.800000 1.046772
279.900000 1.047162
280.000000 1.047552
280.100000 1.047942
280.200000 1.048333
280.300000 1.048723
280.400000 1.049113
280.500000 1.049503
280.600000 1.049894
280.700000 1.050284
280.800000 1.050674
280.900000 1.051065
281.000000 1.051455
281.100000 1.051845
281.200000 1.052235
281.300000 1.052626
281.400000 1.053016
281.500000 1.053406
281.600000 1.053797
281.700000 1.054187
281.800000 1.054577
281.900000 1.054967
282.000000 1.055358
282.100000 1.055748
282.200000 1.056138
282.300000 1.056529
282.400000 1.056919
282.500000 1.057309
282.600000 1.057699
282.700000 1.058090
282.800000 1.058480
282.900000 1.058870
283.000000 1.059260
283.100000 1.059651
283.200000 1.060041
283.300000 1.060431
283.400000 1.060822
283.500000 1.061212
283.600000 1.061602
283.700000 1.061992
283.800000 1.062383
283.900000 1.062773
284.000000 1.063163
284.100000 1.063554
284.200000 1.063944
284.300000 1.064334
284.400000 1.064724
284.500000 1.065115
284.600000 1.065505
284.700000 1.065895
284.800000 1.066285
284.900000 1.066676
285.000000 1.067066
285.100000 1.067456
285.200000 1.067847
285.300000 1.068237
285.400000 1.068627
285.500000 1.069017
285.600000 1.069408
285.700000 1.069798
285.800000 1.070188
285.900000 1.070579
286.000000 1.070969
286.100000 1.071359
286.200000 1.071749
286.300000 1.072140
286.400000 1.072530
286.500000 1.072920
286.600000 1.073311
286.700000 1.073701
286.800000 1.074091
286.900000 1.074481
287.000000 1.074872
287.100000 1.075262
287.200000 1.075652
287.300000 1.076042
287.400000 1.076433
287.500000 1.076823
287.600000 1.077213
287.700000 1.077604
287.800000 1.077994
287.900000 1.078384
288.000000 1.078774
288.100000 1.079165
288.200000 1.079555
288.300000 1.079945
288.400000 1.080336
288.500000 1.080726
288.600000 1.081116
288.700000 1.081506
288.800000 1.081897
288.900000 1.082287
289.000000 1.082677
289.100000 1.083067
289.200000 1.083458
289.300000 1.083848
289.400000 1.084238
289.500000 1.084629
289.600000 1.085019
289.700000 1.085409
289.800000 1.085799
289.900000 1.086190
290.000000 1.086580
290.100000 1.086970
290.200000 1.087361
290.300000 1.087751
290.400000 1.088141
290.500000 1.088531
290.600000 1.088922
290.700000 1.089312
290.800000 1.089702
290.900000 1.090093
291.000000 1.090483
291.100000 1.090873
291.200000 1.091263
291.300000 1.091654
291.400000 1.092044
291.500000 1.092434
291.600000 1.092824
291.700000 1.093215
291.800000 1.093605
291.900000 1.093995
292.000000 1.094386
292.100000 1.094776
292.200000 1.095166
292.300000 1.095556
292.400000 1.095947
292.500000 1.096337
292.600000 1.096727
292.700000 1.097118
292.800000 1.097508
292.900000 1.097898
293.000000 1.098288
293.100000 1.098679
293.200000 1.099069
293.300000 1.099459
293.400000 1.099849
293.500000 1.100240
293.600000 1.100630
293.700000 1.101020
293.800000 1.101411
293.900000 1.101801
294.000000 1.102191
294.100000 1.102581
294.200000 1.102972
294.300000 1.103362
294.400000 1.103752
294.500000 1.104143
294.600000 1.104533
294.700000 1.104923
294.800000 1.105313
294.900000 1.105704
295.000000 1.106094
295.100000 1.106484
295.200000 1.106875
295.300000 1.107265
295.400000 1.107655
295.500000 1.108045
295.600000 1.108436
295.700000 1.108826
295.800000 1.109216
295.900000 1.109606
296.000000 1.109997
296.100000 1.110387
296.200000 1.110777
296.300000 1.111168
296.400000 1.111558
296.500000 1.111948
296.600000 1.112338
296.700000 1.112729
296.800000 1.113119
296.900000 1.113509
297.000000 1.113900
297.100000 1.114290
297.200000 1.114680
297.300000 1.115070
297.400000 1.115461
297.500000 1.115851
297.600000 1.116241
297.700000 1.116632
297.800000 1.117022
297.900000 1.117412
298.000000 1.117802
298.100000 1.118193
298.200000 1.118583
298.300000 1.118973
298.400000 1.119363
298.500000 1.119754
298.600000 1.120144
298.700000 1.120534
298.800000 1.120925
298.900000 1.121315
299.000000 1.121705
299.100000 1.122095
299.200000 1.122486
299.300000 1.122876
299.400000 1.123266
299.500000 1.123657
299.600000 1.124047
299.700000 1.124437
299.800000 1.124827
299.900000 1.125218
300.000000 1.125608
300.100000 1.125998
300.200000 1.126388
300.300000 1.126779
300.400000 1.127169
300.500000 1.127559
300.600000 1.127950
300.700000 1.128340
300.800000 1.128730
300.900000 1.129120
301.000000 1.129511
301.100000 1.129901
301.200000 1.130291
301.300000 1.131072
301.400000 1.131462
301.500000 1.131852
301.600000 1.132243
301.700000 1.132633
301.800000 1.133023
301.900000 1.133414
302.000000 1.133804
302.100000 1.134194
302.200000 1.134584
302.300000 1.134975
302.400000 1.135365
302.500000 1.135755
302.600000 1.136145
302.700000 1.136536
302.800000 1.136926
302.900000 1.137316
303.000000 1.137707
303.100000 1.138097
303.200000 1.138487
303.300000 1.138877
303.400000 1.139268
303.500000 1.139658
303.600000 1.140048
303.700000 1.140439
303.800000 1.140829
303.900000 1.141219
304.000000 1.141609
304.100000 1.142000
304.200000 1.142390
304.300000 1.142780
304.400000 1.143170
304.500000 1.143561
304.600000 1.143951
304.700000 1.144341
304.800000 1.144732
304.900000 1.145122
305.000000 1.145512
305.100000 1.145902
305.200000 1.146293
305.300000 1.146683
305.400000 1.147073
305.500000 1.147464
305.600000 1.147854
305.700000 1.148244
305.800000 1.148634
305.900000 1.149025
306.000000 1.149415
306.100000 1.149805
306.200000 1.150196
306.300000 1.150586
306.400000 1.150976
306.500000 1.151366
306.600000 1.151757
306.700000 1.152147
306.800000 1.152537
306.900000 1.152927
307.000000 1.153318
307.100000 1.153708
307.200000 1.154098
307.300000 1.154489
307.400000 1.154879
307.500000 1.155269
307.600000 1.155659
307.700000 1.156050
307.800000 1.156440
307.900000 1.156830
308.000000 1.157221
308.100000 1.157611
308.200000 1.158001
308.300000 1.158391
308.400000 1.158782
308.500000 1.159172
308.600000 1.159562
308.700000 1.159952
308.800000 1.160343
308.900000 1.160733
309.000000 1.161123
309.100000 1.161514
309.200000 1.161904
309.300000 1.162294
309.400000 1.162684
309.500000 1.163075
309.600000 1.163465
309.700000 1.163855
309.800000 1.164246
309.900000 1.164636
310.000000 1.165026
310.100000 1.165416
310.200000 1.165807
310.300000 1.166197
310.400000 1.166587
310.500000 1.166978
310.600000 1.167368
310.700000 1.167758
310.800000 1.168148
310.900000 1.168539
311.000000 1.168929
311.100000 1.169319
311.200000 1.169709
311.300000 1.170100
311.400000 1.170490
311.500000 1.170880
311.600000 1.171271
311.700000 1.171661
311.800000 1.172051
311.900000 1.172441
312.000000 1.172832
312.100000 1.173222
312.200000 1.173612
312.300000 1.174003
312.400000 1.174393
312.500000 1.174783
312.600000 1.175173
312.700000 1.175564
312.800000 1.175954
312.900000 1.176344
313.000000 1.176734
313.100000 1.177125
313.200000 1.177515
313.300000 1.177905
313.400000 1.178296
313.500000 1.178686
313.600000 1.179076
313.700000 1.179466
313.800000 1.179857
313.900000 1.180247
314.000000 1.180637
314.100000 1.181028
314.200000 1.181418
314.300000 1.181808
314.400000 1.182198
314.500000 1.182589
314.600000 1.182979
314.700000 1.183369
314.800000 1.183760
314.900000 1.184150
315.000000 1.184540
315.100000 1.184930
315.200000 1.185321
315.300000 1.185711
315.400000 1.186101
315.500000 1.186491
315.600000 1.186882
315.700000 1.187272
315.800000 1.187662
315.900000 1.188053
316.000000 1.188443
316.100000 1.188833
316.200000 1.189223
316.300000 1.189614
316.400000 1.190004
316.500000 1.190394
316.600000 1.190785
316.700000 1.191175
316.800000 1.191565
316.900000 1.191955
317.000000 1.192346
317.100000 1.192736
317.200000 1.193126
317.300000 1.193516
317.400000 1.193907
317.500000 1.194297
317.600000 1.194687
317.700000 1.195078
317.800000 1.195468
317.900000 1.195858
318.000000 1.196248
318.100000 1.196639
318.200000 1.197029
318.300000 1.197419
318.400000 1.197810
318.500000 1.198200
318.600000 1.198590
318.700000 1.198980
318.800000 1.199371
318.900000 1.199761
319.000000 1.200151
319.100000 1.200542
319.200000 1.200932
319.300000 1.201322
319.400000 1.201712
319.500000 1.202103
319.600000 1.202493
319.700000 1.202883
319.800000 1.203273
319.900000 1.203664
320.000000 1.204054
320.100000 1.204444
320.200000 1.204835
320.300000 1.205225
320.400000 1.205615
320.500000 1.206005
320.600000 1.206396
320.700000 1.206786
320.800000 1.207176
320.900000 1.207567
321.000000 1.207957
321.100000 1.208347
321.200000 1.208737
321.300000 1.209128
321.400000 1.209518
321.500000 1.209908
321.600000 1.210298
321.700000 1.210689
321.800000 1.211079
321.900000 1.211469
322.000000 1.211860
322.100000 1.212250
322.200000 1.212640
322.300000 1.213030
322.400000 1.213421
322.500000 1.213811
322.600000 1.214201
322.700000 1.214592
322.800000 1.214982
322.900000 1.215372
323.000000 1.215762
323.100000 1.216153
323.200000 1.216543
323.300000 1.216933
323.400000 1.217324
323.500000 1.217714
323.600000 1.218104
323.700000 1.218494
323.800000 1.218885
323.900000 1.219275
324.000000 1.219665
324.100000 1.220055
324.200000 1.220446
324.300000 1.220836
324.400000 1.221226
324.500000 1.221617
324.600000 1.222007
324.700000 1.222397
324.800000 1.222787
324.900000 1.223178
325.000000 1.223568
325.100000 1.223958
325.200000 1.224349
325.300000 1.224739
325.400000 1.225129
325.500000 1.225519
325.600000 1.225910
325.700000 1.226300
325.800000 1.226690
325.900000 1.227081
326.000000 1.227471
326.100000 1.227861
326.200000 1.228251
326.300000 1.228642
326.400000 1.229032
326.500000 1.229422
326.600000 1.229812
326.700000 1.230203
326.800000 1.230593
326.900000 1.230983
327.000000 1.231374
327.100000 1.231764
327.200000 1.232154
327.300000 1.232544
327.400000 1.232935
327.500000 1.233325
327.600000 1.233715
327.700000 1.234106
327.800000 1.234496
327.900000 1.234886
328.000000 1.235276
328.100000 1.235667
328.200000 1.236057
328.300000 1.236447
328.400000 1.236837
328.500000 1.237228
328.600000 1.237618
328.700000 1.238008
328.800000 1.238399
328.900000 1.238789
329.000000 1.239179
329.100000 1.239569
329.200000 1.239960
329.300000 1.240350
329.400000 1.240740
329.500000 1.241131
329.600000 1.241521
329.700000 1.241911
329.800000 1.242301
329.900000 1.242692
330.000000 1.243082
330.100000 1.243472
330.200000 1.243863
330.300000 1.244253
330.400000 1.244643
330.500000 1.245033
330.600000 1.245424
330.700000 1.245814
330.800000 1.246204
330.900000 1.246594
331.000000 1.246985
331.100000 1.247375
331.200000 1.247765
331.300000 1.248156
331.400000 1.248546
331.500000 1.248936
331.600000 1.249326
331.700000 1.249717
331.800000 1.250107
331.900000 1.250497
332.000000 1.250888
332.100000 1.251278
332.200000 1.251668
332.300000 1.252058
332.400000 1.252449
332.500000 1.252839
332.600000 1.253229
332.700000 1.253619
332.800000 1.254010
332.900000 1.254400
333.000000 1.254790
333.100000 1.255181
333.200000 1.255571
333.300000 1.255961
333.400000 1.256351
333.500000 1.256742
333.600000 1.257132
333.700000 1.257522
333.800000 1.257913
333.900000 1.258303
334.000000 1.258693
334.100000 1.259083
334.200000 1.259474
334.300000 1.259864
334.400000 1.260254
334.500000 1.260645
334.600000 1.261035
334.700000 1.261425
334.800000 1.261815
334.900000 1.262206
335.000000 1.262596
335.100000 1.262986
335.200000 1.263376
335.300000 1.263767
335.400000 1.264157
335.500000 1.264547
335.600000 1.264938
335.700000 1.265328
335.800000 1.265718
335.900000 1.266108
336.000000 1.266499
336.100000 1.266889
336.200000 1.267279
336.300000 1.267670
336.400000 1.268060
336.500000 1.268450
336.600000 1.268840
336.700000 1.269231
336.800000 1.269621
336.900000 1.270011
337.000000 1.270401
337.100000 1.270792
337.200000 1.271182
337.300000 1.271572
337.400000 1.271963
337.500000 1.272353
337.600000 1.272743
337.700000 1.273133
337.800000 1.273524
337.900000 1.273914
338.000000 1.274304
338.100000 1.274695
338.200000 1.275085
338.300000 1.275475
338.400000 1.275865
338.500000 1.276256
338.600000 1.276646
338.700000 1.277036
338.800000 1.277427
338.900000 1.277817
339.000000 1.278207
339.100000 1.278597
339.200000 1.278988
339.300000 1.279378
339.400000 1.279768
339.500000 1.280158
339.600000 1.280549
339.700000 1.280939
339.800000 1.281329
339.900000 1.281720
340.000000 1.282110
340.100000 1.282500
340.200000 1.282890
340.300000 1.283281
340.400000 1.283671
340.500000 1.284061
340.600000 1.284452
340.700000 1.284842
340.800000 1.285232
340.900000 1.285622
341.000000 1.286013
341.100000 1.286403
341.200000 1.286793
341.300000 1.287183
341.400000 1.287574
341.500000 1.287964
341.600000 1.288354
341.700000 1.288745
341.800000 1.289135
341.900000 1.289525
342.000000 1.289915
342.100000 1.290306
342.200000 1.290696
342.300000 1.291086
342.400000 1.291477
342.500000 1.291867
342.600000 1.292257
342.700000 1.292647
342.800000 1.293038
342.900000 1.293428
343.000000 1.293818
343.100000 1.294209
343.200000 1.294599
343.300000 1.294989
343.400000 1.295379
343.500000 1.295770
343.600000 1.296160
343.700000 1.296550
343.800000 1.296940
343.900000 1.297331
344.000000 1.297721
344.100000 1.298111
344.200000 1.298502
344.300000 1.298892
344.400000 1.299282
344.500000 1.299672
344.600000 1.300063
344.700000 1.300453
344.800000 1.300843
344.900000 1.301234
345.000000 1.301624
345.100000 1.302014
345.200000 1.302404
345.300000 1.302795
345.400000 1.303185
345.500000 1.303575
345.600000 1.303965
345.700000 1.304356
345.800000 1.304746
345.900000 1.305136
346.000000 1.305527
346.100000 1.305917
346.200000 1.306307
346.300000 1.306697
346.400000 1.307088
346.500000 1.307478
346.600000 1.307868
346.700000 1.308259
346.800000 1.308649
346.900000 1.309039
347.000000 1.309429
347.100000 1.309820
347.200000 1.310210
347.300000 1.310600
347.400000 1.310991
347.500000 1.311381
347.600000 1.311771
347.700000 1.312161
347.800000 1.312552
347.900000 1.312942
348.000000 1.313332
348.100000 1.313722
348.200000 1.314113
348.300000 1.314503
348.400000 1.314893
348.500000 1.315284
348.600000 1.315674
348.700000 1.316064
348.800000 1.316454
348.900000 1.316845
349.000000 1.317235
349.100000 1.317625
349.200000 1.318016
349.300000 1.318406
349.400000 1.318796
349.500000 1.319186
349.600000 1.319577
349.700000 1.319967
349.800000 1.320357
349.900000 1.320747
