1.000000 0.000000
1.100000 0.000000
1.200000 0.000000
1.300000 0.000000
1.400000 0.000000
1.500000 0.000000
1.600000 0.000000
1.700000 0.000000
1.800000 0.000000
1.900000 0.000000
2.000000 0.000000
2.100000 0.000000
2.200000 0.000000
2.300000 0.000000
2.400000 0.000000
2.500000 0.000000
2.600000 0.000000
2.700000 0.000000
2.800000 0.000000
2.900000 0.000000
3.000000 0.000000
3.100000 0.000000
3.200000 0.000000
3.300000 0.000000
3.400000 0.000000
3.500000 0.000000
3.600000 0.000000
3.700000 0.000000
3.800000 0.000000
3.900000 0.000000
4.000000 0.000000
4.100000 0.000000
4.200000 0.000000
4.300000 0.000000
4.400000 0.000000
4.500000 0.000000
4.600000 0.000000
4.700000 0.000000
4.800000 0.000000
4.900000 0.000000
5.000000 0.000000
5.100000 0.000000
5.200000 0.000000
5.300000 0.000000
5.400000 0.000000
5.500000 0.000000
5.600000 0.000000
5.700000 0.000000
5.800000 0.000000
5.900000 0.000000
6.000000 0.000000
6.100000 0.000000
6.200000 0.000000
6.300000 0.000000
6.400000 0.000000
6.500000 0.000000
6.600000 0.000000
6.700000 0.000011
6.800000 0.000022
6.900000 0.000033
7.000000 0.000044
7.100000 0.000682
7.200000 0.001321
7.300000 0.001959
7.400000 0.002597
7.500000 0.005077
7.600000 0.007556
7.700000 0.010035
7.800000 0.012514
7.900000 0.014993
8.000000 0.017473
8.100000 0.020063
8.200000 0.022653
8.300000 0.025243
8.400000 0.027834
8.500000 0.029282
8.600000 0.030731
8.700000 0.032180
8.800000 0.033629
8.900000 0.034280
9.000000 0.034932
9.100000 0.035583
9.200000 0.036234
9.300000 0.036520
9.400000 0.036807
9.500000 0.037093
9.600000 0.037379
9.700000 0.037513
9.800000 0.037646
9.900000 0.037780
10.000000 0.037913
10.100000 0.037988
10.200000 0.038063
10.300000 0.038137
10.400000 0.038212
10.500000 0.038259
10.600000 0.038306
10.700000 0.038352
10.800000 0.038399
10.900000 0.038434
11.000000 0.038469
11.100000 0.038504
11.200000 0.038540
11.300000 0.038575
11.400000 0.038610
11.500000 0.038639
11.600000 0.038667
11.700000 0.038696
11.800000 0.038725
11.900000 0.038749
12.000000 0.038774
12.100000 0.038798
12.200000 0.038822
12.300000 0.038847
12.400000 0.038871
12.500000 0.038895
12.600000 0.038919
12.700000 0.038945
12.800000 0.038970
12.900000 0.038996
13.000000 0.039021
13.100000 0.039053
13.200000 0.039085
13.300000 0.039117
13.400000 0.039149
13.500000 0.039190
13.600000 0.039232
13.700000 0.039273
13.800000 0.039315
13.900000 0.039368
14.000000 0.039421
14.100000 0.039475
14.200000 0.039528
14.300000 0.039603
14.400000 0.039679
14.500000 0.039754
14.600000 0.039830
14.700000 0.039938
14.800000 0.040046
14.900000 0.040154
15.000000 0.040262
15.100000 0.040369
15.200000 0.040477
15.300000 0.040662
15.400000 0.040846
15.500000 0.041031
15.600000 0.041215
15.700000 0.041555
15.800000 0.041895
15.900000 0.042235
16.000000 0.042575
16.100000 0.043195
16.200000 0.043816
16.300000 0.044436
16.400000 0.045057
16.500000 0.045955
16.600000 0.046852
16.700000 0.047750
16.800000 0.048647
16.900000 0.049659
17.000000 0.050671
17.100000 0.051683
17.200000 0.052695
17.300000 0.053641
17.400000 0.054588
17.500000 0.055535
17.600000 0.056482
17.700000 0.057270
17.800000 0.058058
17.900000 0.058847
18.000000 0.059635
18.100000 0.060258
18.200000 0.060882
18.300000 0.061505
18.400000 0.062129
18.500000 0.062752
18.600000 0.063376
18.700000 0.063877
18.800000 0.064878
18.900000 0.065379
19.000000 0.065786
19.100000 0.066193
19.200000 0.066600
19.300000 0.067007
19.400000 0.067340
19.500000 0.067673
19.600000 0.068006
19.700000 0.068339
19.800000 0.068632
19.900000 0.068925
20.000000 0.069218
20.100000 0.069511
20.200000 0.069774
20.300000 0.070037
20.400000 0.070300
20.500000 0.070563
20.600000 0.070818
20.700000 0.071074
20.800000 0.071330
20.900000 0.071585
21.000000 0.071829
21.100000 0.072072
21.200000 0.072316
21.300000 0.072560
21.400000 0.072790
21.500000 0.073020
21.600000 0.073250
21.700000 0.073480
21.800000 0.073682
21.900000 0.073883
22.000000 0.074085
22.100000 0.074286
22.200000 0.074487
22.300000 0.074689
22.400000 0.074895
22.500000 0.075101
22.600000 0.075307
22.700000 0.075513
22.800000 0.075720
22.900000 0.075927
23.000000 0.076133
23.100000 0.076340
23.200000 0.076558
23.300000 0.076777
23.400000 0.076996
23.500000 0.077215
23.600000 0.077451
23.700000 0.077686
23.800000 0.077922
23.900000 0.078158
24.000000 0.078427
24.100000 0.078696
24.200000 0.078965
24.300000 0.079234
24.400000 0.079536
24.500000 0.079839
24.600000 0.080141
24.700000 0.080443
24.800000 0.080797
24.900000 0.081151
25.000000 0.081505
25.100000 0.081859
25.200000 0.082260
25.300000 0.082661
25.400000 0.083063
25.500000 0.083464
25.600000 0.083865
25.700000 0.084267
25.800000 0.084698
25.900000 0.085130
26.000000 0.085561
26.100000 0.085993
26.200000 0.086422
26.300000 0.086851
26.400000 0.087280
26.500000 0.087710
26.600000 0.088152
26.700000 0.088595
26.800000 0.089038
26.900000 0.089480
27.000000 0.089899
27.100000 0.090318
27.200000 0.090737
27.300000 0.091155
27.400000 0.091577
27.500000 0.091998
27.600000 0.092420
27.700000 0.092842
27.800000 0.093252
27.900000 0.093662
28.000000 0.094072
28.100000 0.094482
28.200000 0.094901
28.300000 0.095320
28.400000 0.095739
28.500000 0.096158
28.600000 0.096569
28.700000 0.096980
28.800000 0.097391
28.900000 0.097802
29.000000 0.098234
29.100000 0.098666
29.200000 0.099098
29.300000 0.099529
29.400000 0.099961
29.500000 0.100393
29.600000 0.100816
29.700000 0.101240
29.800000 0.101663
29.900000 0.102087
30.000000 0.102497
30.100000 0.102907
30.200000 0.103318
30.300000 0.103728
30.400000 0.104122
30.500000 0.104515
30.600000 0.104909
30.700000 0.105303
30.800000 0.105674
30.900000 0.106046
31.000000 0.106417
31.100000 0.106789
31.200000 0.107145
31.300000 0.107501
31.400000 0.107857
31.500000 0.108213
31.600000 0.108579
31.700000 0.108946
31.800000 0.109313
31.900000 0.109679
32.000000 0.110041
32.100000 0.110402
32.200000 0.110763
32.300000 0.111124
32.400000 0.111490
32.500000 0.111857
32.600000 0.112223
32.700000 0.112589
32.800000 0.112958
32.900000 0.113327
33.000000 0.113696
33.100000 0.114065
33.200000 0.114434
33.300000 0.114803
33.400000 0.115175
33.500000 0.115547
33.600000 0.115919
33.700000 0.116291
33.800000 0.116667
33.900000 0.117043
34.000000 0.117419
34.100000 0.117796
34.200000 0.118183
34.300000 0.118571
34.400000 0.118959
34.500000 0.119346
34.600000 0.119716
34.700000 0.120085
34.800000 0.120454
34.900000 0.120824
35.000000 0.121183
35.100000 0.121543
35.200000 0.121902
35.300000 0.122262
35.400000 0.122614
35.500000 0.122967
35.600000 0.123319
35.700000 0.123672
35.800000 0.124008
35.900000 0.124344
36.000000 0.124680
36.100000 0.125016
36.200000 0.125342
36.300000 0.125668
36.400000 0.125994
36.500000 0.126320
36.600000 0.126647
36.700000 0.126973
36.800000 0.127304
36.900000 0.127636
37.000000 0.127967
37.100000 0.128299
37.200000 0.128611
37.300000 0.128923
37.400000 0.129235
37.500000 0.129547
37.600000 0.129850
37.700000 0.130153
37.800000 0.130456
37.900000 0.130760
38.000000 0.131074
38.100000 0.131389
38.200000 0.131704
38.300000 0.132019
38.400000 0.132326
38.500000 0.132633
38.600000 0.132940
38.700000 0.133247
38.800000 0.133560
38.900000 0.133873
39.000000 0.134186
39.100000 0.134500
39.200000 0.134842
39.300000 0.135184
39.400000 0.135526
39.500000 0.135868
39.600000 0.136229
39.700000 0.136591
39.800000 0.136952
39.900000 0.137314
40.000000 0.137699
40.100000 0.138085
40.200000 0.138470
40.300000 0.138855
40.400000 0.139241
40.500000 0.139626
40.600000 0.140016
40.700000 0.140405
40.800000 0.140795
40.900000 0.141185
41.000000 0.141606
41.100000 0.142026
41.200000 0.142447
41.300000 0.142868
41.400000 0.143290
41.500000 0.143713
41.600000 0.144135
41.700000 0.144557
41.800000 0.144988
41.900000 0.145420
42.000000 0.145851
42.100000 0.146282
42.200000 0.146727
42.300000 0.147171
42.400000 0.147615
42.500000 0.148060
42.600000 0.148507
42.700000 0.148954
42.800000 0.149401
42.900000 0.149848
43.000000 0.150301
43.100000 0.150753
43.200000 0.151206
43.300000 0.151659
43.400000 0.152106
43.500000 0.152554
43.600000 0.153002
43.700000 0.153450
43.800000 0.153898
43.900000 0.154346
44.000000 0.154748
44.100000 0.155151
44.200000 0.155553
44.300000 0.155955
44.400000 0.156355
44.500000 0.156754
44.600000 0.157153
44.700000 0.157553
44.800000 0.157935
44.900000 0.158317
45.000000 0.158699
45.100000 0.159081
45.200000 0.159444
45.300000 0.159806
45.400000 0.160169
45.500000 0.160531
45.600000 0.160883
45.700000 0.161236
45.800000 0.161588
45.900000 0.161940
46.000000 0.162277
46.100000 0.162614
46.200000 0.162950
46.300000 0.163287
46.400000 0.163611
46.500000 0.163935
46.600000 0.164259
46.700000 0.164583
46.800000 0.164907
46.900000 0.165231
47.000000 0.165555
47.100000 0.165878
47.200000 0.166192
47.300000 0.166506
47.400000 0.166820
47.500000 0.167134
47.600000 0.167448
47.700000 0.167762
47.800000 0.168069
47.900000 0.168377
48.000000 0.168685
48.100000 0.168992
48.200000 0.169295
48.300000 0.169597
48.400000 0.169900
48.500000 0.170202
48.600000 0.170508
48.700000 0.170813
48.800000 0.171119
48.900000 0.171424
49.000000 0.171731
49.100000 0.172037
49.200000 0.172344
49.300000 0.172650
49.400000 0.172968
49.500000 0.173285
49.600000 0.173603
49.700000 0.173920
49.800000 0.174238
49.900000 0.174555
50.000000 0.174873
50.100000 0.175190
50.200000 0.175526
50.300000 0.175862
50.400000 0.176197
50.500000 0.176533
50.600000 0.176882
50.700000 0.177232
50.800000 0.177581
50.900000 0.177930
51.000000 0.178279
51.100000 0.178629
51.200000 0.179000
51.300000 0.179371
51.400000 0.179742
51.500000 0.180113
51.600000 0.180513
51.700000 0.180913
51.800000 0.181312
51.900000 0.181712
52.000000 0.182127
52.100000 0.182542
52.200000 0.182956
52.300000 0.183371
52.400000 0.183795
52.500000 0.184219
52.600000 0.184643
52.700000 0.185067
52.800000 0.185501
52.900000 0.185935
53.000000 0.186369
53.100000 0.186803
53.200000 0.187227
53.300000 0.187651
53.400000 0.188074
53.500000 0.188498
53.600000 0.188918
53.700000 0.189337
53.800000 0.189757
53.900000 0.190176
54.000000 0.190576
54.100000 0.190976
54.200000 0.191375
54.300000 0.191775
54.400000 0.192173
54.500000 0.192571
54.600000 0.192968
54.700000 0.193366
54.800000 0.193764
54.900000 0.194162
55.000000 0.194551
55.100000 0.194939
55.200000 0.195328
55.300000 0.195717
55.400000 0.196098
55.500000 0.196479
55.600000 0.196860
55.700000 0.197241
55.800000 0.197619
55.900000 0.197996
56.000000 0.198373
56.100000 0.198751
56.200000 0.199137
56.300000 0.199523
56.400000 0.199909
56.500000 0.200295
56.600000 0.200670
56.700000 0.201045
56.800000 0.201420
56.900000 0.201794
57.000000 0.202158
57.100000 0.202522
57.200000 0.202886
57.300000 0.203250
57.400000 0.203609
57.500000 0.203968
57.600000 0.204327
57.700000 0.204686
57.800000 0.205040
57.900000 0.205394
58.000000 0.205748
58.100000 0.206102
58.200000 0.206436
58.300000 0.206771
58.400000 0.207106
58.500000 0.207440
58.600000 0.207775
58.700000 0.208110
58.800000 0.208422
58.900000 0.208734
59.000000 0.209047
59.100000 0.209359
59.200000 0.209672
59.300000 0.209984
59.400000 0.210297
59.500000 0.210610
59.600000 0.210931
59.700000 0.211252
59.800000 0.211573
59.900000 0.211893
60.000000 0.212217
60.100000 0.212541
60.200000 0.212865
60.300000 0.213189
60.400000 0.213525
60.500000 0.213860
60.600000 0.214196
60.700000 0.214531
60.800000 0.214855
60.900000 0.215178
61.000000 0.215502
61.100000 0.215826
61.200000 0.216169
61.300000 0.216512
61.400000 0.216855
61.500000 0.217198
61.600000 0.217551
61.700000 0.217904
61.800000 0.218256
61.900000 0.218609
62.000000 0.218962
62.100000 0.219315
62.200000 0.219676
62.300000 0.220037
62.400000 0.220399
62.500000 0.220760
62.600000 0.221134
62.700000 0.221509
62.800000 0.221883
62.900000 0.222258
63.000000 0.222626
63.100000 0.222994
63.200000 0.223362
63.300000 0.223730
63.400000 0.224112
63.500000 0.224493
63.600000 0.224875
63.700000 0.225256
63.800000 0.225628
63.900000 0.225999
64.000000 0.226371
64.100000 0.226743
64.200000 0.227124
64.300000 0.227506
64.400000 0.227887
64.500000 0.228268
64.600000 0.228652
64.700000 0.229036
64.800000 0.229420
64.900000 0.229804
65.000000 0.230208
65.100000 0.230611
65.200000 0.231014
65.300000 0.231417
65.400000 0.231837
65.500000 0.232257
65.600000 0.232676
65.700000 0.233096
65.800000 0.233516
65.900000 0.233936
66.000000 0.234359
66.100000 0.234781
66.200000 0.235204
66.300000 0.235627
66.400000 0.236043
66.500000 0.236460
66.600000 0.236877
66.700000 0.237293
66.800000 0.237702
66.900000 0.238111
67.000000 0.238520
67.100000 0.238929
67.200000 0.239325
67.300000 0.239721
67.400000 0.240117
67.500000 0.240514
67.600000 0.240901
67.700000 0.241288
67.800000 0.241675
67.900000 0.242063
68.000000 0.242444
68.100000 0.242826
68.200000 0.243207
68.300000 0.243589
68.400000 0.243966
68.500000 0.244343
68.600000 0.244720
68.700000 0.245096
68.800000 0.245471
68.900000 0.245847
69.000000 0.246222
69.100000 0.246597
69.200000 0.246972
69.300000 0.247347
69.400000 0.247703
69.500000 0.248060
69.600000 0.248416
69.700000 0.248772
69.800000 0.249124
69.900000 0.249477
70.000000 0.249829
70.100000 0.250181
70.200000 0.250539
70.300000 0.250898
70.400000 0.251257
70.500000 0.251615
70.600000 0.251969
70.700000 0.252322
70.800000 0.252675
70.900000 0.253029
71.000000 0.253373
71.100000 0.253718
71.200000 0.254062
71.300000 0.254407
71.400000 0.254746
71.500000 0.255084
71.600000 0.255423
71.700000 0.255762
71.800000 0.256097
71.900000 0.256432
72.000000 0.256767
72.100000 0.257102
72.200000 0.257429
72.300000 0.257756
72.400000 0.258083
72.500000 0.258410
72.600000 0.258740
72.700000 0.259070
72.800000 0.259400
72.900000 0.259730
73.000000 0.260060
73.100000 0.260390
73.200000 0.260723
73.300000 0.261057
73.400000 0.261390
73.500000 0.261723
73.600000 0.262049
73.700000 0.262374
73.800000 0.262700
73.900000 0.263026
74.000000 0.263356
74.100000 0.263686
74.200000 0.264015
74.300000 0.264345
74.400000 0.264687
74.500000 0.265028
74.600000 0.265369
74.700000 0.265710
74.800000 0.266049
74.900000 0.266388
75.000000 0.266726
75.100000 0.267065
75.200000 0.267409
75.300000 0.267409
75.400000 0.267753
75.500000 0.268097
75.600000 0.268442
75.700000 0.268807
75.800000 0.269172
75.900000 0.269537
76.000000 0.269902
76.100000 0.270289
76.200000 0.270676
76.300000 0.271063
76.400000 0.271451
76.500000 0.271838
76.600000 0.272225
76.700000 0.272627
76.800000 0.273028
76.900000 0.273430
77.000000 0.273832
77.100000 0.274251
77.200000 0.274670
77.300000 0.275089
77.400000 0.275509
77.500000 0.275938
77.600000 0.276368
77.700000 0.276798
77.800000 0.277227
77.900000 0.277650
78.000000 0.278073
78.100000 0.278495
78.200000 0.278918
78.300000 0.279338
78.400000 0.279757
78.500000 0.280176
78.600000 0.280596
78.700000 0.281015
78.800000 0.281434
78.900000 0.281852
79.000000 0.282271
79.100000 0.282675
79.200000 0.283080
79.300000 0.283484
79.400000 0.283888
79.500000 0.284271
79.600000 0.284655
79.700000 0.285039
79.800000 0.285422
79.900000 0.285790
80.000000 0.286157
80.100000 0.286525
80.200000 0.286892
80.300000 0.287260
80.400000 0.287627
80.500000 0.287976
80.600000 0.288326
80.700000 0.288675
80.800000 0.289024
80.900000 0.289375
81.000000 0.289727
81.100000 0.290079
81.200000 0.290430
81.300000 0.290781
81.400000 0.291133
81.500000 0.291484
81.600000 0.291835
81.700000 0.292183
81.800000 0.292531
81.900000 0.292879
82.000000 0.293227
82.100000 0.293580
82.200000 0.293933
82.300000 0.294286
82.400000 0.294639
82.500000 0.294982
82.600000 0.295326
82.700000 0.295670
82.800000 0.296013
82.900000 0.296367
83.000000 0.296721
83.100000 0.297075
83.200000 0.297429
83.300000 0.297784
83.400000 0.298139
83.500000 0.298494
83.600000 0.298849
83.700000 0.299179
83.800000 0.299508
83.900000 0.299838
84.000000 0.300167
84.100000 0.300497
84.200000 0.300826
84.300000 0.301163
84.400000 0.301499
84.500000 0.301836
84.600000 0.302172
84.700000 0.302509
84.800000 0.302847
84.900000 0.303184
85.000000 0.303521
85.100000 0.303855
85.200000 0.304189
85.300000 0.304524
85.400000 0.304858
85.500000 0.305188
85.600000 0.305518
85.700000 0.305848
85.800000 0.306178
85.900000 0.306513
86.000000 0.306848
86.100000 0.307183
86.200000 0.307518
86.300000 0.307846
86.400000 0.308174
86.500000 0.308503
86.600000 0.308831
86.700000 0.309174
86.800000 0.309517
86.900000 0.309859
87.000000 0.310202
87.100000 0.310562
87.200000 0.310921
87.300000 0.311280
87.400000 0.311640
87.500000 0.311999
87.600000 0.312359
87.700000 0.312745
87.800000 0.313132
87.900000 0.313519
88.000000 0.313905
88.100000 0.314297
88.200000 0.314689
88.300000 0.315082
88.400000 0.315474
88.500000 0.315870
88.600000 0.316266
88.700000 0.316663
88.800000 0.317059
88.900000 0.317441
89.000000 0.317823
89.100000 0.318205
89.200000 0.318587
89.300000 0.318980
89.400000 0.319373
89.500000 0.319766
89.600000 0.320159
89.700000 0.320554
89.800000 0.320948
89.900000 0.321343
90.000000 0.321737
90.100000 0.322147
90.200000 0.322557
90.300000 0.322967
90.400000 0.323376
90.500000 0.323789
90.600000 0.324201
90.700000 0.324614
90.800000 0.325026
90.900000 0.325420
91.000000 0.325814
91.100000 0.326208
91.200000 0.326602
91.300000 0.326996
91.400000 0.327390
91.500000 0.327795
91.600000 0.328201
91.700000 0.328606
91.800000 0.329012
91.900000 0.329402
92.000000 0.329793
92.100000 0.330184
92.200000 0.330575
92.300000 0.330996
92.400000 0.331417
92.500000 0.331838
92.600000 0.332258
92.700000 0.332679
92.800000 0.333100
92.900000 0.333521
93.000000 0.333942
93.100000 0.334363
93.200000 0.334784
93.300000 0.335204
93.400000 0.335625
93.500000 0.336046
93.600000 0.336467
93.700000 0.336888
93.800000 0.337309
93.900000 0.337730
94.000000 0.338151
94.100000 0.338571
94.200000 0.338992
94.300000 0.339413
94.400000 0.339834
94.500000 0.340255
94.600000 0.340676
94.700000 0.341097
94.800000 0.341517
94.900000 0.341938
95.000000 0.342359
95.100000 0.342780
95.200000 0.343201
95.300000 0.343622
95.400000 0.344043
95.500000 0.344464
95.600000 0.344884
95.700000 0.345305
95.800000 0.345726
95.900000 0.346147
96.000000 0.346568
96.100000 0.346989
96.200000 0.347410
96.300000 0.347830
96.400000 0.348251
96.500000 0.348672
96.600000 0.349093
96.700000 0.349514
96.800000 0.349935
96.900000 0.350356
97.000000 0.350776
97.100000 0.351197
97.200000 0.351618
97.300000 0.352039
97.400000 0.352460
97.500000 0.352881
97.600000 0.353302
97.700000 0.353723
97.800000 0.354143
97.900000 0.354564
98.000000 0.354985
98.100000 0.355406
98.200000 0.355827
98.300000 0.356248
98.400000 0.356669
98.500000 0.357089
98.600000 0.357510
98.700000 0.357931
98.800000 0.358352
98.900000 0.358773
99.000000 0.359194
99.100000 0.359615
99.200000 0.360036
99.300000 0.360456
99.400000 0.360877
99.500000 0.361298
99.600000 0.361719
99.700000 0.362140
99.800000 0.362561
99.900000 0.362982
100.000000 0.363402
100.100000 0.363823
100.200000 0.364244
100.300000 0.364665
100.400000 0.365086
100.500000 0.365507
100.600000 0.365928
100.700000 0.366348
100.800000 0.366769
100.900000 0.367190
101.000000 0.367611
101.100000 0.368032
101.200000 0.368453
101.300000 0.368874
101.400000 0.369295
101.500000 0.369715
101.600000 0.370136
101.700000 0.370557
101.800000 0.370978
101.900000 0.371399
102.000000 0.371820
102.100000 0.372241
102.200000 0.372661
102.300000 0.373082
102.400000 0.373503
102.500000 0.373924
102.600000 0.374345
102.700000 0.374766
102.800000 0.375187
102.900000 0.375608
103.000000 0.376028
103.100000 0.376449
103.200000 0.376870
103.300000 0.377291
103.400000 0.377712
103.500000 0.378133
103.600000 0.378554
103.700000 0.378974
103.800000 0.379395
103.900000 0.379816
104.000000 0.380237
104.100000 0.380658
104.200000 0.381079
104.300000 0.381500
104.400000 0.381920
104.500000 0.382341
104.600000 0.382762
104.700000 0.383183
104.800000 0.383604
104.900000 0.384025
105.000000 0.384446
105.100000 0.384867
105.200000 0.385287
105.300000 0.385708
105.400000 0.386129
105.500000 0.386550
105.600000 0.386971
105.700000 0.387392
105.800000 0.387813
105.900000 0.388233
106.000000 0.388654
106.100000 0.389075
106.200000 0.389496
106.300000 0.389917
106.400000 0.390338
106.500000 0.390759
106.600000 0.391180
106.700000 0.391600
106.800000 0.392021
106.900000 0.392442
107.000000 0.392863
107.100000 0.393284
107.200000 0.393705
107.300000 0.394126
107.400000 0.394546
107.500000 0.394967
107.600000 0.395388
107.700000 0.395809
107.800000 0.396230
107.900000 0.396651
108.000000 0.397072
108.100000 0.397492
108.200000 0.397913
108.300000 0.398334
108.400000 0.398755
108.500000 0.399176
108.600000 0.399597
108.700000 0.400018
108.800000 0.400439
108.900000 0.400859
109.000000 0.401280
109.100000 0.401701
109.200000 0.402122
109.300000 0.402543
109.400000 0.402964
109.500000 0.403385
109.600000 0.403805
109.700000 0.404226
109.800000 0.404647
109.900000 0.405068
110.000000 0.405489
110.100000 0.405910
110.200000 0.406331
110.300000 0.406752
110.400000 0.407172
110.500000 0.407593
110.600000 0.408014
110.700000 0.408435
110.800000 0.408856
110.900000 0.409277
111.000000 0.409698
111.100000 0.410118
111.200000 0.410539
111.300000 0.410960
111.400000 0.411381
111.500000 0.411802
111.600000 0.412223
111.700000 0.412644
111.800000 0.413064
111.900000 0.413485
112.000000 0.413906
112.100000 0.414327
112.200000 0.414748
112.300000 0.415169
112.400000 0.415590
112.500000 0.416011
112.600000 0.416431
112.700000 0.416852
112.800000 0.417273
112.900000 0.417694
113.000000 0.418115
113.100000 0.418536
113.200000 0.418957
113.300000 0.419377
113.400000 0.419798
113.500000 0.420219
113.600000 0.420640
113.700000 0.421061
113.800000 0.421482
113.900000 0.421903
114.000000 0.422324
114.100000 0.422744
114.200000 0.423165
114.300000 0.423586
114.400000 0.424007
114.500000 0.424428
114.600000 0.424849
114.700000 0.425270
114.800000 0.425690
114.900000 0.426111
115.000000 0.426532
115.100000 0.426953
115.200000 0.427374
115.300000 0.427795
115.400000 0.428216
115.500000 0.428636
115.600000 0.429057
115.700000 0.429478
115.800000 0.429899
115.900000 0.430320
116.000000 0.430741
116.100000 0.431162
116.200000 0.431583
116.300000 0.432003
116.400000 0.432424
116.500000 0.432845
116.600000 0.433266
116.700000 0.433687
116.800000 0.434108
116.900000 0.434529
117.000000 0.434949
117.100000 0.435370
117.200000 0.435791
117.300000 0.436212
117.400000 0.436633
117.500000 0.437054
117.600000 0.437475
117.700000 0.437896
117.800000 0.438316
117.900000 0.438737
118.000000 0.439158
118.100000 0.439579
118.200000 0.440000
118.300000 0.440421
118.400000 0.440842
118.500000 0.441262
118.600000 0.441683
118.700000 0.442104
118.800000 0.442525
118.900000 0.442946
119.000000 0.443367
119.100000 0.443788
119.200000 0.444208
119.300000 0.444629
119.400000 0.445050
119.500000 0.445471
119.600000 0.445892
119.700000 0.446313
119.800000 0.446734
119.900000 0.447155
120.000000 0.447575
120.100000 0.447996
120.200000 0.448417
120.300000 0.448838
120.400000 0.449259
120.500000 0.449680
120.600000 0.450101
120.700000 0.450521
120.800000 0.450942
120.900000 0.451363
121.000000 0.451784
121.100000 0.452205
121.200000 0.452626
121.300000 0.453047
121.400000 0.453468
121.500000 0.453888
121.600000 0.454309
121.700000 0.454730
121.800000 0.455151
121.900000 0.455572
122.000000 0.455993
122.100000 0.456414
122.200000 0.456834
122.300000 0.457255
122.400000 0.457676
122.500000 0.458097
122.600000 0.458518
122.700000 0.458939
122.800000 0.459360
122.900000 0.459780
123.000000 0.460201
123.100000 0.460622
123.200000 0.461043
123.300000 0.461464
123.400000 0.461885
123.500000 0.462306
123.600000 0.462727
123.700000 0.463147
123.800000 0.463568
123.900000 0.463989
124.000000 0.464410
124.100000 0.464831
124.200000 0.465252
124.300000 0.465673
124.400000 0.466093
124.500000 0.466514
124.600000 0.466935
124.700000 0.467356
124.800000 0.467777
124.900000 0.468198
125.000000 0.468619
125.100000 0.469040
125.200000 0.469460
125.300000 0.469881
125.400000 0.470302
125.500000 0.470723
125.600000 0.471144
125.700000 0.471565
125.800000 0.471986
125.900000 0.472406
126.000000 0.472827
126.100000 0.473248
126.200000 0.473669
126.300000 0.474090
126.400000 0.474511
126.500000 0.474932
126.600000 0.475352
126.700000 0.475773
126.800000 0.476194
126.900000 0.476615
127.000000 0.477036
127.100000 0.477457
127.200000 0.477878
127.300000 0.478299
127.400000 0.478719
127.500000 0.479140
127.600000 0.479561
127.700000 0.479982
127.800000 0.480403
127.900000 0.480824
128.000000 0.481245
128.100000 0.481665
128.200000 0.482086
128.300000 0.482507
128.400000 0.482928
128.500000 0.483349
128.600000 0.483770
128.700000 0.484191
128.800000 0.484612
128.900000 0.485032
129.000000 0.485453
129.100000 0.485874
129.200000 0.486295
129.300000 0.486716
129.400000 0.487137
129.500000 0.487558
129.600000 0.487978
129.700000 0.488399
129.800000 0.488820
129.900000 0.489241
130.000000 0.489662
130.100000 0.490083
130.200000 0.490504
130.300000 0.490924
130.400000 0.491345
130.500000 0.491766
130.600000 0.492187
130.700000 0.492608
130.800000 0.493029
130.900000 0.493450
131.000000 0.493871
131.100000 0.494291
131.200000 0.494712
131.300000 0.495133
131.400000 0.495554
131.500000 0.495975
131.600000 0.496396
131.700000 0.496817
131.800000 0.497237
131.900000 0.497658
132.000000 0.498079
132.100000 0.498500
132.200000 0.498921
132.300000 0.499342
132.400000 0.499763
132.500000 0.500184
132.600000 0.500604
132.700000 0.501025
132.800000 0.501446
132.900000 0.501867
133.000000 0.502288
133.100000 0.502709
133.200000 0.503130
133.300000 0.503550
133.400000 0.503971
133.500000 0.504392
133.600000 0.504813
133.700000 0.505234
133.800000 0.505655
133.900000 0.506076
134.000000 0.506496
134.100000 0.506917
134.200000 0.507338
134.300000 0.507759
134.400000 0.508180
134.500000 0.508601
134.600000 0.509022
134.700000 0.509443
134.800000 0.509863
134.900000 0.510284
135.000000 0.510705
135.100000 0.511126
135.200000 0.511547
135.300000 0.511968
135.400000 0.512389
135.500000 0.512809
135.600000 0.513230
135.700000 0.513651
135.800000 0.514072
135.900000 0.514493
136.000000 0.514914
136.100000 0.515335
136.200000 0.515756
136.300000 0.516176
136.400000 0.516597
136.500000 0.517018
136.600000 0.517439
136.700000 0.517860
136.800000 0.518281
136.900000 0.518702
137.000000 0.519122
137.100000 0.519543
137.200000 0.519964
137.300000 0.520385
137.400000 0.520806
137.500000 0.521227
137.600000 0.521648
137.700000 0.522068
137.800000 0.522489
137.900000 0.522910
138.000000 0.523331
138.100000 0.523752
138.200000 0.524173
138.300000 0.524594
138.400000 0.525015
138.500000 0.525435
138.600000 0.525856
138.700000 0.526277
138.800000 0.526698
138.900000 0.527119
139.000000 0.527540
139.100000 0.527961
139.200000 0.528381
139.300000 0.528802
139.400000 0.529223
139.500000 0.529644
139.600000 0.530065
139.700000 0.530486
139.800000 0.530907
139.900000 0.531328
140.000000 0.531748
140.100000 0.532169
140.200000 0.532590
140.300000 0.533011
140.400000 0.533432
140.500000 0.533853
140.600000 0.534274
140.700000 0.534694
140.800000 0.535115
140.900000 0.535536
141.000000 0.535957
141.100000 0.536378
141.200000 0.536799
141.300000 0.537220
141.400000 0.537640
141.500000 0.538061
141.600000 0.538482
141.700000 0.538903
141.800000 0.539324
141.900000 0.539745
142.000000 0.540166
142.100000 0.540587
142.200000 0.541007
142.300000 0.541428
142.400000 0.541849
142.500000 0.542270
142.600000 0.542691
142.700000 0.543112
142.800000 0.543533
142.900000 0.543953
143.000000 0.544374
143.100000 0.544795
143.200000 0.545216
143.300000 0.545637
143.400000 0.546058
143.500000 0.546479
143.600000 0.546900
143.700000 0.547320
143.800000 0.547741
143.900000 0.548162
144.000000 0.548583
144.100000 0.549004
144.200000 0.549425
144.300000 0.549846
144.400000 0.550266
144.500000 0.550687
144.600000 0.551108
144.700000 0.551529
144.800000 0.551950
144.900000 0.552371
145.000000 0.552792
145.100000 0.553212
145.200000 0.553633
145.300000 0.554054
145.400000 0.554475
145.500000 0.554896
145.600000 0.555317
145.700000 0.555738
145.800000 0.556159
145.900000 0.556579
146.000000 0.557000
146.100000 0.557421
146.200000 0.557842
146.300000 0.558263
146.400000 0.558684
146.500000 0.559105
146.600000 0.559525
146.700000 0.559946
146.800000 0.560367
146.900000 0.560788
147.000000 0.561209
147.100000 0.561630
147.200000 0.562051
147.300000 0.562472
147.400000 0.562892
147.500000 0.563313
147.600000 0.563734
147.700000 0.564155
147.800000 0.564576
147.900000 0.564997
148.000000 0.565418
148.100000 0.565838
148.200000 0.566259
148.300000 0.566680
148.400000 0.567101
148.500000 0.567522
148.600000 0.567943
148.700000 0.568364
148.800000 0.568784
148.900000 0.569205
149.000000 0.569626
149.100000 0.570047
149.200000 0.570468
149.300000 0.570889
149.400000 0.571310
149.500000 0.571731
149.600000 0.572151
149.700000 0.572572
149.800000 0.572993
149.900000 0.573414
150.000000 0.573835
150.100000 0.574256
150.200000 0.574677
150.300000 0.575097
150.400000 0.575518
150.500000 0.575939
150.600000 0.576360
150.700000 0.576781
150.800000 0.577202
150.900000 0.577623
151.000000 0.578044
151.100000 0.578464
151.200000 0.578885
151.300000 0.579306
151.400000 0.579727
151.500000 0.580148
151.600000 0.580569
151.700000 0.580990
151.800000 0.581410
151.900000 0.581831
152.000000 0.582252
152.100000 0.582673
152.200000 0.583094
152.300000 0.583515
152.400000 0.583936
152.500000 0.584356
152.600000 0.584777
152.700000 0.585198
152.800000 0.585619
152.900000 0.586040
153.000000 0.586461
153.100000 0.586882
153.200000 0.587303
153.300000 0.587723
153.400000 0.588144
153.500000 0.588565
153.600000 0.588986
153.700000 0.589407
153.800000 0.589828
153.900000 0.590249
154.000000 0.590669
154.100000 0.591090
154.200000 0.591511
154.300000 0.591932
154.400000 0.592353
154.500000 0.592774
154.600000 0.593195
154.700000 0.593616
154.800000 0.594036
154.900000 0.594457
155.000000 0.594878
155.100000 0.595299
155.200000 0.595720
155.300000 0.596141
155.400000 0.596562
155.500000 0.596982
155.600000 0.597403
155.700000 0.597824
155.800000 0.598245
155.900000 0.598666
156.000000 0.599087
156.100000 0.599508
156.200000 0.599928
156.300000 0.600349
156.400000 0.600770
156.500000 0.601191
156.600000 0.601612
156.700000 0.602033
156.800000 0.602454
156.900000 0.602875
157.000000 0.603295
157.100000 0.603716
157.200000 0.604137
157.300000 0.604558
157.400000 0.604979
157.500000 0.605400
157.600000 0.605821
157.700000 0.606241
157.800000 0.606662
157.900000 0.607083
158.000000 0.607504
158.100000 0.607925
158.200000 0.608346
158.300000 0.608767
158.400000 0.609188
158.500000 0.609608
158.600000 0.610029
158.700000 0.610450
158.800000 0.610871
158.900000 0.611292
159.000000 0.611713
159.100000 0.612134
159.200000 0.612554
159.300000 0.612975
159.400000 0.613396
159.500000 0.613817
159.600000 0.614238
159.700000 0.614659
159.800000 0.615080
159.900000 0.615500
160.000000 0.615921
160.100000 0.616342
160.200000 0.616763
160.300000 0.617184
160.400000 0.617605
160.500000 0.618026
160.600000 0.618447
160.700000 0.618867
160.800000 0.619288
160.900000 0.619709
161.000000 0.620130
161.100000 0.620551
161.200000 0.620972
161.300000 0.621393
161.400000 0.621813
161.500000 0.622234
161.600000 0.622655
161.700000 0.623076
161.800000 0.623497
161.900000 0.623918
162.000000 0.624339
162.100000 0.624760
162.200000 0.625180
162.300000 0.625601
162.400000 0.626022
162.500000 0.626443
162.600000 0.626864
162.700000 0.627285
162.800000 0.627706
162.900000 0.628126
163.000000 0.628547
163.100000 0.628968
163.200000 0.629389
163.300000 0.629810
163.400000 0.630231
163.500000 0.630652
163.600000 0.631072
163.700000 0.631493
163.800000 0.631914
163.900000 0.632335
164.000000 0.632756
164.100000 0.633177
164.200000 0.633598
164.300000 0.634019
164.400000 0.634439
164.500000 0.634860
164.600000 0.635281
164.700000 0.635702
164.800000 0.636123
164.900000 0.636544
165.000000 0.636965
165.100000 0.637385
165.200000 0.637806
165.300000 0.638227
165.400000 0.638648
165.500000 0.639069
165.600000 0.639490
165.700000 0.639911
165.800000 0.640332
165.900000 0.640752
166.000000 0.641173
166.100000 0.641594
166.200000 0.642015
166.300000 0.642436
166.400000 0.642857
166.500000 0.643278
166.600000 0.643698
166.700000 0.644119
166.800000 0.644540
166.900000 0.644961
167.000000 0.645382
167.100000 0.645803
167.200000 0.646224
167.300000 0.646644
167.400000 0.647065
167.500000 0.647486
167.600000 0.647907
167.700000 0.648328
167.800000 0.648749
167.900000 0.649170
168.000000 0.649591
168.100000 0.650011
168.200000 0.650432
168.300000 0.650853
168.400000 0.651274
168.500000 0.651695
168.600000 0.652116
168.700000 0.652537
168.800000 0.652957
168.900000 0.653378
169.000000 0.653799
169.100000 0.654220
169.200000 0.654641
169.300000 0.655062
169.400000 0.655483
169.500000 0.655904
169.600000 0.656324
169.700000 0.656745
169.800000 0.657166
169.900000 0.657587
170.000000 0.658008
170.100000 0.658429
170.200000 0.658850
170.300000 0.659270
170.400000 0.659691
170.500000 0.660112
170.600000 0.660533
170.700000 0.660954
170.800000 0.661375
170.900000 0.661796
171.000000 0.662216
171.100000 0.662637
171.200000 0.663058
171.300000 0.663479
171.400000 0.663900
171.500000 0.664321
171.600000 0.664742
171.700000 0.665163
171.800000 0.665583
171.900000 0.666004
172.000000 0.666425
172.100000 0.666846
172.200000 0.667267
172.300000 0.667688
172.400000 0.668109
172.500000 0.668529
172.600000 0.668950
172.700000 0.669371
172.800000 0.669792
172.900000 0.670213
173.000000 0.670634
173.100000 0.671055
173.200000 0.671476
173.300000 0.671896
173.400000 0.672317
173.500000 0.672738
173.600000 0.673159
173.700000 0.673580
173.800000 0.674001
173.900000 0.674422
174.000000 0.674842
174.100000 0.675263
174.200000 0.675684
174.300000 0.676105
174.400000 0.676526
174.500000 0.676947
174.600000 0.677368
174.700000 0.677788
174.800000 0.678209
174.900000 0.678630
175.000000 0.679051
175.100000 0.679472
175.200000 0.679893
175.300000 0.680314
175.400000 0.680735
175.500000 0.681155
175.600000 0.681576
175.700000 0.681997
175.800000 0.682418
175.900000 0.682839
176.000000 0.683260
176.100000 0.683681
176.200000 0.684101
176.300000 0.684522
176.400000 0.684943
176.500000 0.685364
176.600000 0.685785
176.700000 0.686206
176.800000 0.686627
176.900000 0.687048
177.000000 0.687468
177.100000 0.687889
177.200000 0.688310
177.300000 0.688731
177.400000 0.689152
177.500000 0.689573
177.600000 0.689994
177.700000 0.690414
177.800000 0.690835
177.900000 0.691256
178.000000 0.691677
178.100000 0.692098
178.200000 0.692519
178.300000 0.692940
178.400000 0.693360
178.500000 0.693781
178.600000 0.694202
178.700000 0.694623
178.800000 0.695044
178.900000 0.695465
179.000000 0.695886
179.100000 0.696307
179.200000 0.696727
179.300000 0.697148
179.400000 0.697569
179.500000 0.697990
179.600000 0.698411
179.700000 0.698832
179.800000 0.699253
179.900000 0.699673
180.000000 0.700094
180.100000 0.700515
180.200000 0.700936
180.300000 0.701357
180.400000 0.701778
180.500000 0.702199
180.600000 0.702620
180.700000 0.703040
180.800000 0.703461
180.900000 0.703882
181.000000 0.704303
181.100000 0.704724
181.200000 0.705145
181.300000 0.705566
181.400000 0.705986
181.500000 0.706407
181.600000 0.706828
181.700000 0.707249
181.800000 0.707670
181.900000 0.708091
182.000000 0.708512
182.100000 0.708932
182.200000 0.709353
182.300000 0.709774
182.400000 0.710195
182.500000 0.710616
182.600000 0.711037
182.700000 0.711458
182.800000 0.711879
182.900000 0.712299
183.000000 0.712720
183.100000 0.713141
183.200000 0.713562
183.300000 0.713983
183.400000 0.714404
183.500000 0.714825
183.600000 0.715245
183.700000 0.715666
183.800000 0.716087
183.900000 0.716508
184.000000 0.716929
184.100000 0.717350
184.200000 0.717771
184.300000 0.718192
184.400000 0.718612
184.500000 0.719033
184.600000 0.719454
184.700000 0.719875
184.800000 0.720296
184.900000 0.720717
185.000000 0.721138
185.100000 0.721558
185.200000 0.721979
185.300000 0.722400
185.400000 0.722821
185.500000 0.723242
185.600000 0.723663
185.700000 0.724084
185.800000 0.724504
185.900000 0.724925
186.000000 0.725346
186.100000 0.725767
186.200000 0.726188
186.300000 0.726609
186.400000 0.727030
186.500000 0.727451
186.600000 0.727871
186.700000 0.728292
186.800000 0.728713
186.900000 0.729134
187.000000 0.729555
187.100000 0.729976
187.200000 0.730397
187.300000 0.730817
187.400000 0.731238
187.500000 0.731659
187.600000 0.732080
187.700000 0.732501
187.800000 0.732922
187.900000 0.733343
188.000000 0.733764
188.100000 0.734184
188.200000 0.734605
188.300000 0.735026
188.400000 0.735447
188.500000 0.735868
188.600000 0.736289
188.700000 0.736710
188.800000 0.737130
188.900000 0.737551
189.000000 0.737972
189.100000 0.738393
189.200000 0.738814
189.300000 0.739235
189.400000 0.739656
189.500000 0.740076
189.600000 0.740497
189.700000 0.740918
189.800000 0.741339
189.900000 0.741760
190.000000 0.742181
190.100000 0.742602
190.200000 0.743023
190.300000 0.743443
190.400000 0.743864
190.500000 0.744285
190.600000 0.744706
190.700000 0.745127
190.800000 0.745548
190.900000 0.745969
191.000000 0.746389
191.100000 0.746810
191.200000 0.747231
191.300000 0.747652
191.400000 0.748073
191.500000 0.748494
191.600000 0.748915
191.700000 0.749336
191.800000 0.749756
191.900000 0.750177
192.000000 0.750598
192.100000 0.751019
192.200000 0.751440
192.300000 0.751861
192.400000 0.752282
192.500000 0.752702
192.600000 0.753123
192.700000 0.753544
192.800000 0.753965
192.900000 0.754386
193.000000 0.754807
193.100000 0.755228
193.200000 0.755648
193.300000 0.756069
193.400000 0.756490
193.500000 0.756911
193.600000 0.757332
193.700000 0.757753
193.800000 0.758174
193.900000 0.758595
194.000000 0.759015
194.100000 0.759436
194.200000 0.759857
194.300000 0.760278
194.400000 0.760699
194.500000 0.761120
194.600000 0.761541
194.700000 0.761961
194.800000 0.762382
194.900000 0.762803
195.000000 0.763224
195.100000 0.763645
195.200000 0.764066
195.300000 0.764487
195.400000 0.764907
195.500000 0.765328
195.600000 0.765749
195.700000 0.766170
195.800000 0.766591
195.900000 0.767012
196.000000 0.767433
196.100000 0.767854
196.200000 0.768274
196.300000 0.768695
196.400000 0.769116
196.500000 0.769537
196.600000 0.769958
196.700000 0.770379
196.800000 0.770800
196.900000 0.771220
197.000000 0.771641
197.100000 0.772062
197.200000 0.772483
197.300000 0.772904
197.400000 0.773325
197.500000 0.773746
197.600000 0.774167
197.700000 0.774587
197.800000 0.775008
197.900000 0.775429
198.000000 0.775850
198.100000 0.776271
198.200000 0.776692
198.300000 0.777113
198.400000 0.777533
198.500000 0.777954
198.600000 0.778375
198.700000 0.778796
198.800000 0.779217
198.900000 0.779638
199.000000 0.780059
199.100000 0.780479
199.200000 0.780900
199.300000 0.781321
199.400000 0.781742
199.500000 0.782163
199.600000 0.782584
199.700000 0.783005
199.800000 0.783426
199.900000 0.783846
200.000000 0.784267
200.100000 0.784688
200.200000 0.785109
200.300000 0.785530
200.400000 0.785951
200.500000 0.786372
200.600000 0.786792
200.700000 0.787213
200.800000 0.787634
200.900000 0.788055
201.000000 0.788476
201.100000 0.788897
201.200000 0.789318
201.300000 0.789739
201.400000 0.790159
201.500000 0.790580
201.600000 0.791001
201.700000 0.791422
201.800000 0.791843
201.900000 0.792264
202.000000 0.792685
202.100000 0.793105
202.200000 0.793526
202.300000 0.793947
202.400000 0.794368
202.500000 0.794789
202.600000 0.795210
202.700000 0.795631
202.800000 0.796051
202.900000 0.796472
203.000000 0.796893
203.100000 0.797314
203.200000 0.797735
203.300000 0.798156
203.400000 0.798577
203.500000 0.798998
203.600000 0.799418
203.700000 0.799839
203.800000 0.800260
203.900000 0.800681
204.000000 0.801102
204.100000 0.801523
204.200000 0.801944
204.300000 0.802364
204.400000 0.802785
204.500000 0.803206
204.600000 0.803627
204.700000 0.804048
204.800000 0.804469
204.900000 0.804890
205.000000 0.805311
205.100000 0.805731
205.200000 0.806152
205.300000 0.806573
205.400000 0.806994
205.500000 0.807415
205.600000 0.807836
205.700000 0.808257
205.800000 0.808677
205.900000 0.809098
206.000000 0.809519
206.100000 0.809940
206.200000 0.810361
206.300000 0.810782
206.400000 0.811203
206.500000 0.811623
206.600000 0.812044
206.700000 0.812465
206.800000 0.812886
206.900000 0.813307
207.000000 0.813728
207.100000 0.814149
207.200000 0.814570
207.300000 0.814990
207.400000 0.815411
207.500000 0.815832
207.600000 0.816253
207.700000 0.816674
207.800000 0.817095
207.900000 0.817516
208.000000 0.817936
208.100000 0.818357
208.200000 0.818778
208.300000 0.819199
208.400000 0.819620
208.500000 0.820041
208.600000 0.820462
208.700000 0.820883
208.800000 0.821303
208.900000 0.821724
209.000000 0.822145
209.100000 0.822566
209.200000 0.822987
209.300000 0.823408
209.400000 0.823829
209.500000 0.824249
209.600000 0.824670
209.700000 0.825091
209.800000 0.825512
209.900000 0.825933
210.000000 0.826354
210.100000 0.826775
210.200000 0.827195
210.300000 0.827616
210.400000 0.828037
210.500000 0.828458
210.600000 0.828879
210.700000 0.829300
210.800000 0.829721
210.900000 0.830142
211.000000 0.830562
211.100000 0.830983
211.200000 0.831404
211.300000 0.831825
211.400000 0.832246
211.500000 0.832667
211.600000 0.833088
211.700000 0.833508
211.800000 0.833929
211.900000 0.834350
212.000000 0.834771
212.100000 0.835192
212.200000 0.835613
212.300000 0.836034
212.400000 0.836455
212.500000 0.836875
212.600000 0.837296
212.700000 0.837717
212.800000 0.838138
212.900000 0.838559
213.000000 0.838980
213.100000 0.839401
213.200000 0.839821
213.300000 0.840242
213.400000 0.840663
213.500000 0.841084
213.600000 0.841505
213.700000 0.841926
213.800000 0.842347
213.900000 0.842767
214.000000 0.843188
214.100000 0.843609
214.200000 0.844030
214.300000 0.844451
214.400000 0.844872
214.500000 0.845293
214.600000 0.845714
214.700000 0.846134
214.800000 0.846555
214.900000 0.846976
215.000000 0.847397
215.100000 0.847818
215.200000 0.848239
215.300000 0.848660
215.400000 0.849080
215.500000 0.849501
215.600000 0.849922
215.700000 0.850343
215.800000 0.850764
215.900000 0.851185
216.000000 0.851606
216.100000 0.852027
216.200000 0.852447
216.300000 0.852868
216.400000 0.853289
216.500000 0.853710
216.600000 0.854131
216.700000 0.854552
216.800000 0.854973
216.900000 0.855393
217.000000 0.855814
217.100000 0.856235
217.200000 0.856656
217.300000 0.857077
217.400000 0.857498
217.500000 0.857919
217.600000 0.858339
217.700000 0.858760
217.800000 0.859181
217.900000 0.859602
218.000000 0.860023
218.100000 0.860444
218.200000 0.860865
218.300000 0.861286
218.400000 0.861706
218.500000 0.862127
218.600000 0.862548
218.700000 0.862969
218.800000 0.863390
218.900000 0.863811
219.000000 0.864232
219.100000 0.864652
219.200000 0.865073
219.300000 0.865494
219.400000 0.865915
219.500000 0.866336
219.600000 0.866757
219.700000 0.867178
219.800000 0.867599
219.900000 0.868019
220.000000 0.868440
220.100000 0.868861
220.200000 0.869282
220.300000 0.869703
220.400000 0.870124
220.500000 0.870545
220.600000 0.870965
220.700000 0.871386
220.800000 0.871807
220.900000 0.872228
221.000000 0.872649
221.100000 0.873070
221.200000 0.873491
221.300000 0.873911
221.400000 0.874332
221.500000 0.874753
221.600000 0.875174
221.700000 0.875595
221.800000 0.876016
221.900000 0.876437
222.000000 0.876858
222.100000 0.877278
222.200000 0.877699
222.300000 0.878120
222.400000 0.878541
222.500000 0.878962
222.600000 0.879383
222.700000 0.879804
222.800000 0.880224
222.900000 0.880645
223.000000 0.881066
223.100000 0.881487
223.200000 0.881908
223.300000 0.882329
223.400000 0.882750
223.500000 0.883171
223.600000 0.883591
223.700000 0.884012
223.800000 0.884433
223.900000 0.884854
224.000000 0.885275
224.100000 0.885696
224.200000 0.886117
224.300000 0.886537
224.400000 0.886958
224.500000 0.887379
224.600000 0.887800
224.700000 0.888221
224.800000 0.888642
224.900000 0.889063
225.000000 0.889483
225.100000 0.889904
225.200000 0.890325
225.300000 0.890746
225.400000 0.891167
225.500000 0.891588
225.600000 0.892009
225.700000 0.892430
225.800000 0.892850
225.900000 0.893271
226.000000 0.893692
226.100000 0.894113
226.200000 0.894534
226.300000 0.894955
226.400000 0.895376
226.500000 0.895796
226.600000 0.896217
226.700000 0.896638
226.800000 0.897059
226.900000 0.897480
227.000000 0.897901
227.100000 0.898322
227.200000 0.898743
227.300000 0.899163
227.400000 0.899584
227.500000 0.900005
227.600000 0.900426
227.700000 0.900847
227.800000 0.901268
227.900000 0.901689
228.000000 0.902109
228.100000 0.902530
228.200000 0.902951
228.300000 0.903372
228.400000 0.903793
228.500000 0.904214
228.600000 0.904635
228.700000 0.905055
228.800000 0.905476
228.900000 0.905897
229.000000 0.906318
229.100000 0.906739
229.200000 0.907160
229.300000 0.907581
229.400000 0.908002
229.500000 0.908422
229.600000 0.908843
229.700000 0.909264
229.800000 0.909685
229.900000 0.910106
230.000000 0.910527
230.100000 0.910948
230.200000 0.911368
230.300000 0.911789
230.400000 0.912210
230.500000 0.912631
230.600000 0.913052
230.700000 0.913473
230.800000 0.913894
230.900000 0.914315
231.000000 0.914735
231.100000 0.915156
231.200000 0.915577
231.300000 0.915998
231.400000 0.916419
231.500000 0.916840
231.600000 0.917261
231.700000 0.917681
231.800000 0.918102
231.900000 0.918523
232.000000 0.918944
232.100000 0.919365
232.200000 0.919786
232.300000 0.920207
232.400000 0.920627
232.500000 0.921048
232.600000 0.921469
232.700000 0.921890
232.800000 0.922311
232.900000 0.922732
233.000000 0.923153
233.100000 0.923574
233.200000 0.923994
233.300000 0.924415
233.400000 0.924836
233.500000 0.925257
233.600000 0.925678
233.700000 0.926099
233.800000 0.926520
233.900000 0.926940
234.000000 0.927361
234.100000 0.927782
234.200000 0.928203
234.300000 0.928624
234.400000 0.929045
234.500000 0.929466
234.600000 0.929887
234.700000 0.930307
234.800000 0.930728
234.900000 0.931149
235.000000 0.931570
235.100000 0.931991
235.200000 0.932412
235.300000 0.932833
235.400000 0.933253
235.500000 0.933674
235.600000 0.934095
235.700000 0.934516
235.800000 0.934937
235.900000 0.935358
236.000000 0.935779
236.100000 0.936199
236.200000 0.936620
236.300000 0.937041
236.400000 0.937462
236.500000 0.937883
236.600000 0.938304
236.700000 0.938725
236.800000 0.939146
236.900000 0.939566
237.000000 0.939987
237.100000 0.940408
237.200000 0.940829
237.300000 0.941250
237.400000 0.941671
237.500000 0.942092
237.600000 0.942512
237.700000 0.942933
237.800000 0.943354
237.900000 0.943775
238.000000 0.944196
238.100000 0.944617
238.200000 0.945038
238.300000 0.945459
238.400000 0.945879
238.500000 0.946300
238.600000 0.946721
238.700000 0.947142
238.800000 0.947563
238.900000 0.947984
239.000000 0.948405
239.100000 0.948825
239.200000 0.949246
239.300000 0.949667
239.400000 0.950088
239.500000 0.950509
239.600000 0.950930
239.700000 0.951351
239.800000 0.951771
239.900000 0.952192
240.000000 0.952613
240.100000 0.953034
240.200000 0.953455
240.300000 0.953876
240.400000 0.954297
240.500000 0.954718
240.600000 0.955138
240.700000 0.955559
240.800000 0.955980
240.900000 0.956401
241.000000 0.956822
241.100000 0.957243
241.200000 0.957664
241.300000 0.958084
241.400000 0.958505
241.500000 0.958926
241.600000 0.959347
241.700000 0.959768
241.800000 0.960189
241.900000 0.960610
242.000000 0.961031
242.100000 0.961451
242.200000 0.961872
242.300000 0.962293
242.400000 0.962714
242.500000 0.963135
242.600000 0.963556
242.700000 0.963977
242.800000 0.964397
242.900000 0.964818
243.000000 0.965239
243.100000 0.965660
243.200000 0.966081
243.300000 0.966502
243.400000 0.966923
243.500000 0.967343
243.600000 0.967764
243.700000 0.968185
243.800000 0.968606
243.900000 0.969027
244.000000 0.969448
244.100000 0.969869
244.200000 0.970290
244.300000 0.970710
244.400000 0.971131
244.500000 0.971552
244.600000 0.971973
244.700000 0.972394
244.800000 0.972815
244.900000 0.973236
245.000000 0.973656
245.100000 0.974077
245.200000 0.974498
245.300000 0.974919
245.400000 0.975340
245.500000 0.975761
245.600000 0.976182
245.700000 0.976603
245.800000 0.977023
245.900000 0.977444
246.000000 0.977865
246.100000 0.978286
246.200000 0.978707
246.300000 0.979128
246.400000 0.979549
246.500000 0.979969
246.600000 0.980390
246.700000 0.980811
246.800000 0.981232
246.900000 0.981653
247.000000 0.982074
247.100000 0.982495
247.200000 0.982915
247.300000 0.983336
247.400000 0.983757
247.500000 0.984178
247.600000 0.984599
247.700000 0.985020
247.800000 0.985441
247.900000 0.985862
248.000000 0.986282
248.100000 0.986703
248.200000 0.987124
248.300000 0.987545
248.400000 0.987966
248.500000 0.988387
248.600000 0.988808
248.700000 0.989228
248.800000 0.989649
248.900000 0.990070
249.000000 0.990491
249.100000 0.990912
249.200000 0.991333
249.300000 0.991754
249.400000 0.992175
249.500000 0.992595
249.600000 0.993016
249.700000 0.993437
249.800000 0.993858
249.900000 0.994279
250.000000 0.994700
250.100000 0.995121
250.200000 0.995541
250.300000 0.995962
250.400000 0.996383
250.500000 0.996804
250.600000 0.997225
250.700000 0.997646
250.800000 0.998067
250.900000 0.998487
251.000000 0.998908
251.100000 0.999329
251.200000 0.999750
251.300000 1.000171
251.400000 1.000592
251.500000 1.001013
251.600000 1.001434
251.700000 1.001854
251.800000 1.002275
251.900000 1.002696
252.000000 1.003117
252.100000 1.003538
252.200000 1.003959
252.300000 1.004380
252.400000 1.004800
252.500000 1.005221
252.600000 1.005642
252.700000 1.006063
252.800000 1.006484
252.900000 1.006905
253.000000 1.007326
253.100000 1.007747
253.200000 1.008167
253.300000 1.008588
253.400000 1.009009
253.500000 1.009430
253.600000 1.009851
253.700000 1.010272
253.800000 1.010693
253.900000 1.011113
254.000000 1.011534
254.100000 1.011955
254.200000 1.012376
254.300000 1.012797
254.400000 1.013218
254.500000 1.013639
254.600000 1.014059
254.700000 1.014480
254.800000 1.014901
254.900000 1.015322
255.000000 1.015743
255.100000 1.016164
255.200000 1.016585
255.300000 1.017006
255.400000 1.017426
255.500000 1.017847
255.600000 1.018268
255.700000 1.018689
255.800000 1.019110
255.900000 1.019531
256.000000 1.019952
256.100000 1.020372
256.200000 1.020793
256.300000 1.021214
256.400000 1.021635
256.500000 1.022056
256.600000 1.022477
256.700000 1.022898
256.800000 1.023319
256.900000 1.023739
257.000000 1.024160
257.100000 1.024581
257.200000 1.025002
257.300000 1.025423
257.400000 1.025844
257.500000 1.026265
257.600000 1.026685
257.700000 1.027106
257.800000 1.027527
257.900000 1.027948
258.000000 1.028369
258.100000 1.028790
258.200000 1.029211
258.300000 1.029631
258.400000 1.030052
258.500000 1.030473
258.600000 1.030894
258.700000 1.031315
258.800000 1.031736
258.900000 1.032157
259.000000 1.032578
259.100000 1.032998
259.200000 1.033419
259.300000 1.033840
259.400000 1.034261
259.500000 1.034682
259.600000 1.035103
259.700000 1.035524
259.800000 1.035944
259.900000 1.036365
260.000000 1.036786
260.100000 1.037207
260.200000 1.037628
260.300000 1.038049
260.400000 1.038470
260.500000 1.038891
260.600000 1.039311
260.700000 1.039732
260.800000 1.040153
260.900000 1.040574
261.000000 1.040995
261.100000 1.041416
261.200000 1.041837
261.300000 1.042257
261.400000 1.042678
261.500000 1.043099
261.600000 1.043520
261.700000 1.043941
261.800000 1.044362
261.900000 1.044783
262.000000 1.045203
262.100000 1.045624
262.200000 1.046045
262.300000 1.046466
262.400000 1.046887
262.500000 1.047308
262.600000 1.047729
262.700000 1.048150
262.800000 1.048570
262.900000 1.048991
263.000000 1.049412
263.100000 1.049833
263.200000 1.050254
263.300000 1.050675
263.400000 1.051096
263.500000 1.051516
263.600000 1.051937
263.700000 1.052358
263.800000 1.052779
263.900000 1.053200
264.000000 1.053621
264.100000 1.054042
264.200000 1.054463
264.300000 1.054883
264.400000 1.055304
264.500000 1.055725
264.600000 1.056146
264.700000 1.056567
264.800000 1.056988
264.900000 1.057409
265.000000 1.057829
265.100000 1.058250
265.200000 1.058671
265.300000 1.059092
265.400000 1.059513
265.500000 1.059934
265.600000 1.060355
265.700000 1.060775
265.800000 1.061196
265.900000 1.061617
266.000000 1.062038
266.100000 1.062459
266.200000 1.062880
266.300000 1.063301
266.400000 1.063722
266.500000 1.064142
266.600000 1.064563
266.700000 1.064984
266.800000 1.065405
266.900000 1.065826
267.000000 1.066247
267.100000 1.066668
267.200000 1.067088
267.300000 1.067509
267.400000 1.067930
267.500000 1.068351
267.600000 1.068772
267.700000 1.069193
267.800000 1.069614
267.900000 1.070035
268.000000 1.070455
268.100000 1.070876
268.200000 1.071297
268.300000 1.071718
268.400000 1.072139
268.500000 1.072560
268.600000 1.072981
268.700000 1.073401
268.800000 1.073822
268.900000 1.074243
269.000000 1.074664
269.100000 1.075085
269.200000 1.075506
269.300000 1.075927
269.400000 1.076347
269.500000 1.076768
269.600000 1.077189
269.700000 1.077610
269.800000 1.078031
269.900000 1.078452
270.000000 1.078873
270.100000 1.079294
270.200000 1.079714
270.300000 1.080135
270.400000 1.080556
270.500000 1.080977
270.600000 1.081398
270.700000 1.081819
270.800000 1.082240
270.900000 1.082660
271.000000 1.083081
271.100000 1.083502
271.200000 1.083923
271.300000 1.084344
271.400000 1.084765
271.500000 1.085186
271.600000 1.085607
271.700000 1.086027
271.800000 1.086448
271.900000 1.086869
272.000000 1.087290
272.100000 1.087711
272.200000 1.088132
272.300000 1.088553
272.400000 1.088973
272.500000 1.089394
272.600000 1.089815
272.700000 1.090236
272.800000 1.090657
272.900000 1.091078
273.000000 1.091499
273.100000 1.091919
273.200000 1.092340
273.300000 1.092761
273.400000 1.093182
273.500000 1.093603
273.600000 1.094024
273.700000 1.094445
273.800000 1.094866
273.900000 1.095286
274.000000 1.095707
274.100000 1.096128
274.200000 1.096549
274.300000 1.096970
274.400000 1.097391
274.500000 1.097812
274.600000 1.098232
274.700000 1.098653
274.800000 1.099074
274.900000 1.099495
275.000000 1.099916
275.100000 1.100337
275.200000 1.100758
275.300000 1.101179
275.400000 1.101599
275.500000 1.102020
275.600000 1.102441
275.700000 1.102862
275.800000 1.103283
275.900000 1.103704
276.000000 1.104125
276.100000 1.104545
276.200000 1.104966
276.300000 1.105387
276.400000 1.105808
276.500000 1.106229
276.600000 1.106650
276.700000 1.107071
276.800000 1.107491
276.900000 1.107912
277.000000 1.108333
277.100000 1.108754
277.200000 1.109175
277.300000 1.109596
277.400000 1.110017
277.500000 1.110438
277.600000 1.110858
277.700000 1.111279
277.800000 1.111700
277.900000 1.112121
278.000000 1.112542
278.100000 1.112963
278.200000 1.113384
278.300000 1.113804
278.400000 1.114225
278.500000 1.114646
278.600000 1.115067
278.700000 1.115488
278.800000 1.115909
278.900000 1.116330
279.000000 1.116751
279.100000 1.117171
279.200000 1.117592
279.300000 1.118013
279.400000 1.118434
279.500000 1.118855
279.600000 1.119276
279.700000 1.119697
279.800000 1.120117
279.900000 1.120538
280.000000 1.120959
280.100000 1.121380
280.200000 1.121801
280.300000 1.122222
280.400000 1.122643
280.500000 1.123063
280.600000 1.123484
280.700000 1.123905
280.800000 1.124326
280.900000 1.124747
281.000000 1.125168
281.100000 1.125589
281.200000 1.126010
281.300000 1.126430
281.400000 1.126851
281.500000 1.127272
281.600000 1.127693
281.700000 1.128114
281.800000 1.128535
281.900000 1.128956
282.000000 1.129376
282.100000 1.129797
282.200000 1.130218
282.300000 1.130639
282.400000 1.131060
282.500000 1.131481
282.600000 1.131902
282.700000 1.132323
282.800000 1.132743
282.900000 1.133164
283.000000 1.133585
283.100000 1.134006
283.200000 1.134427
283.300000 1.134848
283.400000 1.135269
283.500000 1.135689
283.600000 1.136110
283.700000 1.136531
283.800000 1.136952
283.900000 1.137373
284.000000 1.137794
284.100000 1.138215
284.200000 1.138635
284.300000 1.139056
284.400000 1.139477
284.500000 1.139898
284.600000 1.140319
284.700000 1.140740
284.800000 1.141161
284.900000 1.141582
285.000000 1.142002
285.100000 1.142423
285.200000 1.142844
285.300000 1.143265
285.400000 1.143686
285.500000 1.144107
285.600000 1.144528
285.700000 1.144948
285.800000 1.145369
285.900000 1.145790
286.000000 1.146211
286.100000 1.146632
286.200000 1.147053
286.300000 1.147474
286.400000 1.147895
286.500000 1.148315
286.600000 1.148736
286.700000 1.149157
286.800000 1.149578
286.900000 1.149999
287.000000 1.150420
287.100000 1.150841
287.200000 1.151261
287.300000 1.151682
287.400000 1.152103
287.500000 1.152524
287.600000 1.152945
287.700000 1.153366
287.800000 1.153787
287.900000 1.154207
288.000000 1.154628
288.100000 1.155049
288.200000 1.155470
288.300000 1.155891
288.400000 1.156312
288.500000 1.156733
288.600000 1.157154
288.700000 1.157574
288.800000 1.157995
288.900000 1.158416
289.000000 1.158837
289.100000 1.159258
289.200000 1.159679
289.300000 1.160100
289.400000 1.160520
289.500000 1.160941
289.600000 1.161362
289.700000 1.161783
289.800000 1.162204
289.900000 1.162625
290.000000 1.163046
290.100000 1.163467
290.200000 1.163887
290.300000 1.164308
290.400000 1.164729
290.500000 1.165150
290.600000 1.165571
290.700000 1.165992
290.800000 1.166413
290.900000 1.166833
291.000000 1.167254
291.100000 1.167675
291.200000 1.168096
291.300000 1.168517
291.400000 1.168938
291.500000 1.169359
291.600000 1.169779
291.700000 1.170200
291.800000 1.170621
291.900000 1.171042
292.000000 1.171463
292.100000 1.171884
292.200000 1.172305
292.300000 1.172726
292.400000 1.173146
292.500000 1.173567
292.600000 1.173988
292.700000 1.174409
292.800000 1.174830
292.900000 1.175251
293.000000 1.175672
293.100000 1.176092
293.200000 1.176513
293.300000 1.176934
293.400000 1.177355
293.500000 1.177776
293.600000 1.178197
293.700000 1.178618
293.800000 1.179039
293.900000 1.179459
294.000000 1.179880
294.100000 1.180301
294.200000 1.180722
294.300000 1.181143
294.400000 1.181564
294.500000 1.181985
294.600000 1.182405
294.700000 1.182826
294.800000 1.183247
294.900000 1.183668
295.000000 1.184089
295.100000 1.184510
295.200000 1.184931
295.300000 1.185351
295.400000 1.185772
295.500000 1.186193
295.600000 1.186614
295.700000 1.187035
295.800000 1.187456
295.900000 1.187877
296.000000 1.188298
296.100000 1.188718
296.200000 1.189139
296.300000 1.189560
296.400000 1.189981
296.500000 1.190402
296.600000 1.190823
296.700000 1.191244
296.800000 1.191664
296.900000 1.192085
297.000000 1.192506
297.100000 1.192927
297.200000 1.193348
297.300000 1.193769
297.400000 1.194190
297.500000 1.194611
297.600000 1.195031
297.700000 1.195452
297.800000 1.195873
297.900000 1.196294
298.000000 1.196715
298.100000 1.197136
298.200000 1.197557
298.300000 1.197977
298.400000 1.198398
298.500000 1.198819
298.600000 1.199240
298.700000 1.199661
298.800000 1.200082
298.900000 1.200503
299.000000 1.200923
299.100000 1.201344
299.200000 1.201765
299.300000 1.202186
299.400000 1.202607
299.500000 1.203028
299.600000 1.203449
299.700000 1.203870
299.800000 1.204290
299.900000 1.204711
300.000000 1.205132
300.100000 1.205553
300.200000 1.205974
300.300000 1.206395
300.400000 1.206816
300.500000 1.207236
300.600000 1.207657
300.700000 1.208078
300.800000 1.208499
300.900000 1.208920
301.000000 1.209341
301.100000 1.209762
301.200000 1.210183
301.300000 1.211024
301.400000 1.211445
301.500000 1.211866
301.600000 1.212287
301.700000 1.212708
301.800000 1.213129
301.900000 1.213549
302.000000 1.213970
302.100000 1.214391
302.200000 1.214812
302.300000 1.215233
302.400000 1.215654
302.500000 1.216075
302.600000 1.216495
302.700000 1.216916
302.800000 1.217337
302.900000 1.217758
303.000000 1.218179
303.100000 1.218600
303.200000 1.219021
303.300000 1.219442
303.400000 1.219862
303.500000 1.220283
303.600000 1.220704
303.700000 1.221125
303.800000 1.221546
303.900000 1.221967
304.000000 1.222388
304.100000 1.222808
304.200000 1.223229
304.300000 1.223650
304.400000 1.224071
304.500000 1.224492
304.600000 1.224913
304.700000 1.225334
304.800000 1.225755
304.900000 1.226175
305.000000 1.226596
305.100000 1.227017
305.200000 1.227438
305.300000 1.227859
305.400000 1.228280
305.500000 1.228701
305.600000 1.229121
305.700000 1.229542
305.800000 1.229963
305.900000 1.230384
306.000000 1.230805
306.100000 1.231226
306.200000 1.231647
306.300000 1.232067
306.400000 1.232488
306.500000 1.232909
306.600000 1.233330
306.700000 1.233751
306.800000 1.234172
306.900000 1.234593
307.000000 1.235014
307.100000 1.235434
307.200000 1.235855
307.300000 1.236276
307.400000 1.236697
307.500000 1.237118
307.600000 1.237539
307.700000 1.237960
307.800000 1.238380
307.900000 1.238801
308.000000 1.239222
308.100000 1.239643
308.200000 1.240064
308.300000 1.240485
308.400000 1.240906
308.500000 1.241327
308.600000 1.241747
308.700000 1.242168
308.800000 1.242589
308.900000 1.243010
309.000000 1.243431
309.100000 1.243852
309.200000 1.244273
309.300000 1.244693
309.400000 1.245114
309.500000 1.245535
309.600000 1.245956
309.700000 1.246377
309.800000 1.246798
309.900000 1.247219
310.000000 1.247639
310.100000 1.248060
310.200000 1.248481
310.300000 1.248902
310.400000 1.249323
310.500000 1.249744
310.600000 1.250165
310.700000 1.250586
310.800000 1.251006
310.900000 1.251427
311.000000 1.251848
311.100000 1.252269
311.200000 1.252690
311.300000 1.253111
311.400000 1.253532
311.500000 1.253952
311.600000 1.254373
311.700000 1.254794
311.800000 1.255215
311.900000 1.255636
312.000000 1.256057
312.100000 1.256478
312.200000 1.256899
312.300000 1.257319
312.400000 1.257740
312.500000 1.258161
312.600000 1.258582
312.700000 1.259003
312.800000 1.259424
312.900000 1.259845
313.000000 1.260265
313.100000 1.260686
313.200000 1.261107
313.300000 1.261528
313.400000 1.261949
313.500000 1.262370
313.600000 1.262791
313.700000 1.263211
313.800000 1.263632
313.900000 1.264053
314.000000 1.264474
314.100000 1.264895
314.200000 1.265316
314.300000 1.265737
314.400000 1.266158
314.500000 1.266578
314.600000 1.266999
314.700000 1.267420
314.800000 1.267841
314.900000 1.268262
315.000000 1.268683
315.100000 1.269104
315.200000 1.269524
315.300000 1.269945
315.400000 1.270366
315.500000 1.270787
315.600000 1.271208
315.700000 1.271629
315.800000 1.272050
315.900000 1.272471
316.000000 1.272891
316.100000 1.273312
316.200000 1.273733
316.300000 1.274154
316.400000 1.274575
316.500000 1.274996
316.600000 1.275417
316.700000 1.275837
316.800000 1.276258
316.900000 1.276679
317.000000 1.277100
317.100000 1.277521
317.200000 1.277942
317.300000 1.278363
317.400000 1.278783
317.500000 1.279204
317.600000 1.279625
317.700000 1.280046
317.800000 1.280467
317.900000 1.280888
318.000000 1.281309
318.100000 1.281730
318.200000 1.282150
318.300000 1.282571
318.400000 1.282992
318.500000 1.283413
318.600000 1.283834
318.700000 1.284255
318.800000 1.284676
318.900000 1.285096
319.000000 1.285517
319.100000 1.285938
319.200000 1.286359
319.300000 1.286780
319.400000 1.287201
319.500000 1.287622
319.600000 1.288043
319.700000 1.288463
319.800000 1.288884
319.900000 1.289305
320.000000 1.289726
320.100000 1.290147
320.200000 1.290568
320.300000 1.290989
320.400000 1.291409
320.500000 1.291830
320.600000 1.292251
320.700000 1.292672
320.800000 1.293093
320.900000 1.293514
321.000000 1.293935
321.100000 1.294355
321.200000 1.294776
321.300000 1.295197
321.400000 1.295618
321.500000 1.296039
321.600000 1.296460
321.700000 1.296881
321.800000 1.297302
321.900000 1.297722
322.000000 1.298143
322.100000 1.298564
322.200000 1.298985
322.300000 1.299406
322.400000 1.299827
322.500000 1.300248
322.600000 1.300668
322.700000 1.301089
322.800000 1.301510
322.900000 1.301931
323.000000 1.302352
323.100000 1.302773
323.200000 1.303194
323.300000 1.303615
323.400000 1.304035
323.500000 1.304456
323.600000 1.304877
323.700000 1.305298
323.800000 1.305719
323.900000 1.306140
324.000000 1.306561
324.100000 1.306981
324.200000 1.307402
324.300000 1.307823
324.400000 1.308244
324.500000 1.308665
324.600000 1.309086
324.700000 1.309507
324.800000 1.309927
324.900000 1.310348
325.000000 1.310769
325.100000 1.311190
325.200000 1.311611
325.300000 1.312032
325.400000 1.312453
325.500000 1.312874
325.600000 1.313294
325.700000 1.313715
325.800000 1.314136
325.900000 1.314557
326.000000 1.314978
326.100000 1.315399
326.200000 1.315820
326.300000 1.316240
326.400000 1.316661
326.500000 1.317082
326.600000 1.317503
326.700000 1.317924
326.800000 1.318345
326.900000 1.318766
327.000000 1.319187
327.100000 1.319607
327.200000 1.320028
327.300000 1.320449
327.400000 1.320870
327.500000 1.321291
327.600000 1.321712
327.700000 1.322133
327.800000 1.322553
327.900000 1.322974
328.000000 1.323395
328.100000 1.323816
328.200000 1.324237
328.300000 1.324658
328.400000 1.325079
328.500000 1.325499
328.600000 1.325920
328.700000 1.326341
328.800000 1.326762
328.900000 1.327183
329.000000 1.327604
329.100000 1.328025
329.200000 1.328446
329.300000 1.328866
329.400000 1.329287
329.500000 1.329708
329.600000 1.330129
329.700000 1.330550
329.800000 1.330971
329.900000 1.331392
330.000000 1.331812
330.100000 1.332233
330.200000 1.332654
330.300000 1.333075
330.400000 1.333496
330.500000 1.333917
330.600000 1.334338
330.700000 1.334759
330.800000 1.335179
330.900000 1.335600
331.000000 1.336021
331.100000 1.336442
331.200000 1.336863
331.300000 1.337284
331.400000 1.337705
331.500000 1.338125
331.600000 1.338546
331.700000 1.338967
331.800000 1.339388
331.900000 1.339809
332.000000 1.340230
332.100000 1.340651
332.200000 1.341071
332.300000 1.341492
332.400000 1.341913
332.500000 1.342334
332.600000 1.342755
332.700000 1.343176
332.800000 1.343597
332.900000 1.344018
333.000000 1.344438
333.100000 1.344859
333.200000 1.345280
333.300000 1.345701
333.400000 1.346122
333.500000 1.346543
333.600000 1.346964
333.700000 1.347384
333.800000 1.347805
333.900000 1.348226
334.000000 1.348647
334.100000 1.349068
334.200000 1.349489
334.300000 1.349910
334.400000 1.350331
334.500000 1.350751
334.600000 1.351172
334.700000 1.351593
334.800000 1.352014
334.900000 1.352435
335.000000 1.352856
335.100000 1.353277
335.200000 1.353697
335.300000 1.354118
335.400000 1.354539
335.500000 1.354960
335.600000 1.355381
335.700000 1.355802
335.800000 1.356223
335.900000 1.356643
336.000000 1.357064
336.100000 1.357485
336.200000 1.357906
336.300000 1.358327
336.400000 1.358748
336.500000 1.359169
336.600000 1.359590
336.700000 1.360010
336.800000 1.360431
336.900000 1.360852
337.000000 1.361273
337.100000 1.361694
337.200000 1.362115
337.300000 1.362536
337.400000 1.362956
337.500000 1.363377
337.600000 1.363798
337.700000 1.364219
337.800000 1.364640
337.900000 1.365061
338.000000 1.365482
338.100000 1.365903
338.200000 1.366323
338.300000 1.366744
338.400000 1.367165
338.500000 1.367586
338.600000 1.368007
338.700000 1.368428
338.800000 1.368849
338.900000 1.369269
339.000000 1.369690
339.100000 1.370111
339.200000 1.370532
339.300000 1.370953
339.400000 1.371374
339.500000 1.371795
339.600000 1.372215
339.700000 1.372636
339.800000 1.373057
339.900000 1.373478
340.000000 1.373899
340.100000 1.374320
340.200000 1.374741
340.300000 1.375162
340.400000 1.375582
340.500000 1.376003
340.600000 1.376424
340.700000 1.376845
340.800000 1.377266
340.900000 1.377687
341.000000 1.378108
341.100000 1.378528
341.200000 1.378949
341.300000 1.379370
341.400000 1.379791
341.500000 1.380212
341.600000 1.380633
341.700000 1.381054
341.800000 1.381475
341.900000 1.381895
342.000000 1.382316
342.100000 1.382737
342.200000 1.383158
342.300000 1.383579
342.400000 1.384000
342.500000 1.384421
342.600000 1.384841
342.700000 1.385262
342.800000 1.385683
342.900000 1.386104
343.000000 1.386525
343.100000 1.386946
343.200000 1.387367
343.300000 1.387787
343.400000 1.388208
343.500000 1.388629
343.600000 1.389050
343.700000 1.389471
343.800000 1.389892
343.900000 1.390313
344.000000 1.390734
344.100000 1.391154
344.200000 1.391575
344.300000 1.391996
344.400000 1.392417
344.500000 1.392838
344.600000 1.393259
344.700000 1.393680
344.800000 1.394100
344.900000 1.394521
345.000000 1.394942
345.100000 1.395363
345.200000 1.395784
345.300000 1.396205
345.400000 1.396626
345.500000 1.397047
345.600000 1.397467
345.700000 1.397888
345.800000 1.398309
345.900000 1.398730
346.000000 1.399151
346.100000 1.399572
346.200000 1.399993
346.300000 1.400413
346.400000 1.400834
346.500000 1.401255
346.600000 1.401676
346.700000 1.402097
346.800000 1.402518
346.900000 1.402939
347.000000 1.403359
347.100000 1.403780
347.200000 1.404201
347.300000 1.404622
347.400000 1.405043
347.500000 1.405464
347.600000 1.405885
347.700000 1.406306
347.800000 1.406726
347.900000 1.407147
348.000000 1.407568
348.100000 1.407989
348.200000 1.408410
348.300000 1.408831
348.400000 1.409252
348.500000 1.409672
348.600000 1.410093
348.700000 1.410514
348.800000 1.410935
348.900000 1.411356
349.000000 1.411777
349.100000 1.412198
349.200000 1.412619
349.300000 1.413039
349.400000 1.413460
349.500000 1.413881
349.600000 1.414302
349.700000 1.414723
349.800000 1.415144
349.900000 1.415565
